tree
version=v4
num_class=1
num_tree_per_iteration=1
label_index=0
max_feature_idx=6
objective=binary sigmoid:1
feature_names=Column_0 Column_1 Column_2 Column_3 Column_4 Column_5 Column_6
feature_infos=[9.0971259471234784:12.920908863721653] [4.3620848137246764:20.689892210077641] [0:3] [-1:1] [-1:1] [0:3.1329635967700282] [10.512653237188916:11.523452888262414]
tree_sizes=753 870 872 772 871 770 875 774 770 772 878 879 774 774 774 878 777 874 775 772 878 779 885 882 884 779 780 780 884 781 782 885 778 783 778 780 778 782 884 780 780 781 782 991 884 779 892 896 885 897 883 783 897 893 889 897 891 780 893 898 783 881 898 889 783 900 895 992 898 884 903 898 898 999 880 906 893 906 885 1003 893 904 789 896 901 797 892 794 899 907 791 796 895 898 790 906 898 900 902 899

Tree=0
num_leaves=6
num_cat=0
split_feature=1 2 0 1 0
split_gain=8968.98 735.008 115.401 3.22177 9.09495e-13
threshold=14.994633030740774 1.5000000000000002 9.6803065869161404 15.060415714025961 11.859998269456764
decision_type=2 2 2 2 2
left_child=1 2 -1 -2 -5
right_child=3 -3 -4 4 -6
leaf_value=-2.0521797257850394 -1.4603030095499017 -1.3620992494570763 -2.6387481306638083 -1.3620992494570763 -1.3620992494570763
leaf_weight=2.4943442121148101 2.6291736289858809 3.3707354217767707 623.58605302870274 40.179166227579117 1.887611836194991
leaf_count=37 39 50 9250 596 28
internal_value=-2.54594 -2.62959 -2.63641 -1.36788 -1.3621
internal_weight=674.147 629.451 626.08 44.696 42.0668
internal_count=10000 9337 9287 663 624
is_linear=0
shrinkage=1


Tree=1
num_leaves=7
num_cat=0
split_feature=1 2 0 3 1 1
split_gain=3113.62 283.066 75.0186 0.264094 0.578653 0.235752
threshold=14.994633030740774 1.5000000000000002 9.6803065869161404 0.91597561503675362 15.324303964296059 15.060415714025961
decision_type=2 2 2 2 2 2
left_child=1 2 -1 5 -5 -2
right_child=3 -3 -4 4 -6 -7
leaf_value=0.29488488185018558 0.44068880281525769 0.42209511795666022 -0.092214307642474999 0.38125983985075584 0.42209511795666022 0.42209511795666022
leaf_weight=3.7323572710156432 5.3521481156349173 8.1162199378013593 575.7098076865077 3.6958376467227927 8.4408687353134138 89.765392512083054
leaf_count=37 35 50 9250 23 52 553
internal_value=-0.00481016 -0.0826509 -0.0897209 0.421616 0.40966 0.423141
internal_weight=694.813 587.558 579.442 107.254 12.1367 95.1175
internal_count=10000 9337 9287 663 75 588
is_linear=0
shrinkage=0.0860649


Tree=2
num_leaves=7
num_cat=0
split_feature=1 2 0 1 3 0
split_gain=2175.7 209.243 58.1416 0.206705 0.0100457 1.42109e-14
threshold=14.994633030740774 1.5000000000000002 9.6803065869161404 15.060415714025961 0.91597561503675362 10.967694939287535
decision_type=2 2 2 2 2 2
left_child=1 2 -1 -2 -5 -3
right_child=3 5 -4 4 -6 -7
leaf_value=0.21421855225723549 0.29202787901467608 0.30639040391839983 -0.091672607226108524 0.30639040391839983 0.30881522558754565 0.30639040391839972
leaf_weight=4.6428480744361869 7.5761315375566474 5.8578541427850706 531.21818788349628 111.7032186537981 14.272316217422484 4.2418943792581558
leaf_count=37 39 29 9250 553 71 21
internal_value=-0.0055398 -0.0817075 -0.0890223 0.305835 0.306665 0.30639
internal_weight=679.512 545.961 535.861 133.552 125.976 10.0997
internal_count=10000 9337 9287 663 624 50
is_linear=0
shrinkage=0.0860649


Tree=3
num_leaves=6
num_cat=0
split_feature=1 2 0 1 3
split_gain=1684.6 169.369 48.1919 0.192192 0.00373461
threshold=14.994633030740774 1.5000000000000002 9.6803065869161404 15.060415714025961 0.91597561503675362
decision_type=2 2 2 2 2
left_child=1 2 -1 -2 -5
right_child=3 -3 -4 4 -6
leaf_value=0.16810082893666312 0.23511403221194463 0.24824631934487176 -0.091181390925968664 0.24824631934487176 0.24964119163724982
leaf_weight=5.3680101782083502 8.5468228459358198 11.32482662796974 489.92177285254002 125.25258250534534 16.038197249174118
leaf_count=37 39 50 9250 553 71
internal_value=-0.00586679 -0.0808465 -0.0883713 0.247647 0.248405
internal_weight=656.452 506.615 495.29 149.838 141.291
internal_count=10000 9337 9287 663 624
is_linear=0
shrinkage=0.0860649


Tree=4
num_leaves=7
num_cat=0
split_feature=1 2 0 1 3 0
split_gain=1370.5 142.96 41.4249 0.199906 0.00171218 1.42109e-14
threshold=14.994633030740774 1.5000000000000002 9.6803065869161404 15.060415714025961 0.91597561503675362 11.087696888901339
decision_type=2 2 2 2 2 2
left_child=1 2 -1 -2 -5 -3
right_child=3 5 -4 4 -6 -7
leaf_value=0.13765208382910971 0.19960692986079656 0.2125936194131344 -0.090735505504323036 0.2125936194131344 0.21350882985761721 0.21259361941313434
leaf_weight=5.9602192342281333 9.1677552908658964 7.228297144174574 451.63241680711508 133.24161069095135 17.082401782274246 4.8188647627830505
leaf_count=37 39 30 9250 553 71 20
internal_value=-0.00603054 -0.0800561 -0.0877607 0.211945 0.212698 0.212594
internal_weight=629.132 469.64 457.593 159.492 150.324 12.0472
internal_count=10000 9337 9287 663 624 50
is_linear=0
shrinkage=0.0860649


Tree=5
num_leaves=6
num_cat=0
split_feature=1 2 0 1 1
split_gain=1147.98 123.55 36.4353 0.217148 0.00107153
threshold=14.994633030740774 1.5000000000000002 9.6803065869161404 15.060415714025961 15.190237390772056
decision_type=2 2 2 2 2
left_child=1 2 -1 -2 -5
right_child=3 -3 -4 4 -6
leaf_value=0.11580431038795329 0.17505303564817742 0.18836144041461528 -0.09033037520334021 0.18903448201412737 0.18834971743286627
leaf_weight=6.4498851150274268 9.53463067114353 12.407178431749342 416.16548877209425 19.343289494514465 135.48732919991016
leaf_count=37 39 50 9250 78 546
internal_value=-0.00611259 -0.0793256 -0.0871844 0.187659 0.188435
internal_weight=599.388 435.023 422.615 164.365 154.831
internal_count=10000 9337 9287 663 624
is_linear=0
shrinkage=0.0860649


Tree=6
num_leaves=7
num_cat=0
split_feature=1 2 0 1 1 0
split_gain=980.149 108.361 32.5616 0.239951 0.00061495 7.10543e-15
threshold=14.994633030740774 1.5000000000000002 9.6803065869161404 15.060415714025961 15.324303964296059 11.087696888901339
decision_type=2 2 2 2 2 2
left_child=1 2 -1 -2 -5 -3
right_child=3 5 -4 4 -6 -7
leaf_value=0.099244563584362705 0.15691105023991578 0.17079867966707316 -0.089961960910770772 0.17114983938207406 0.17075520239961436 0.17079867966707313
leaf_weight=6.8578232228755942 9.7118957191705686 7.4995444715023023 383.34152661263943 38.997358933091164 116.99234902858734 4.9996963143348694
leaf_count=37 39 30 9250 156 468 20
internal_value=-0.00614946 -0.0786462 -0.0866366 0.170037 0.170854 0.170799
internal_weight=568.4 402.699 390.199 165.702 155.99 12.4992
internal_count=10000 9337 9287 663 624 50
is_linear=0
shrinkage=0.0860649


Tree=7
num_leaves=6
num_cat=0
split_feature=1 2 0 1 3
split_gain=848.133 95.98 29.4459 0.266709 0.000430933
threshold=14.994633030740774 1.5000000000000002 9.6803065869161404 15.060415714025961 0.91597561503675362
decision_type=2 2 2 2 2
left_child=1 2 -1 -2 -5
right_child=3 -3 -4 4 -6
leaf_value=0.086195516481342632 0.14285875345204213 0.15749474006094616 -0.089626686499896885 0.15748604563625959 0.15793837426669888
leaf_weight=7.1994446963071814 9.7465536296367628 12.392063438892363 352.98727080225945 137.05466397106647 17.605053275823593
leaf_count=37 39 50 9250 553 71
internal_value=-0.00615984 -0.0780099 -0.0861123 0.156667 0.157538
internal_weight=536.985 372.579 360.187 164.406 154.66
internal_count=10000 9337 9287 663 624
is_linear=0
shrinkage=0.0860649


Tree=8
num_leaves=6
num_cat=0
split_feature=1 2 0 1 1
split_gain=741.139 85.5998 26.8756 0.296658 0.000268301
threshold=14.994633030740774 1.5000000000000002 9.6803065869161404 15.060415714025961 15.190237390772056
decision_type=2 2 2 2 2
left_child=1 2 -1 -2 -5
right_child=3 -3 -4 4 -6
leaf_value=0.075611813606507761 0.13157528061540369 0.14708607537714827 -0.089321344510089815 0.14742309699545339 0.14707688640411681
leaf_weight=7.486656889319419 9.67422868311405 12.137618660926817 324.93676710873842 18.95109811425209 132.53875803947449
leaf_count=37 39 50 9250 78 546
internal_value=-0.00615419 -0.0774099 -0.0856068 0.146187 0.14712
internal_weight=505.725 344.561 332.423 161.164 151.49
internal_count=10000 9337 9287 663 624
is_linear=0
shrinkage=0.0860649


Tree=9
num_leaves=6
num_cat=0
split_feature=1 2 0 1 3
split_gain=652.483 76.722 24.7148 0.329391 0.000193009
threshold=14.994633030740774 1.5000000000000002 9.6803065869161404 15.060415714025961 0.91597561503675362
decision_type=2 2 2 2 2
left_child=1 2 -1 -2 -5
right_child=3 -3 -4 4 -6
leaf_value=0.066835721182366539 0.12225008124993066 0.13873958023951846 -0.089043079157886673 0.13873199974918465 0.13904242788608243
leaf_weight=7.728896588087081 9.5224675089120847 11.775983870029448 299.03167672455311 130.23786106705666 16.742865979671478
leaf_count=37 39 50 9250 553 71
internal_value=-0.00613862 -0.07684 -0.0851157 0.137762 0.138767
internal_weight=475.04 318.537 306.761 156.503 146.981
internal_count=10000 9337 9287 663 624
is_linear=0
shrinkage=0.0860649


Tree=10
num_leaves=7
num_cat=0
split_feature=1 2 0 1 1 0
split_gain=577.771 69.0176 22.8717 0.364666 0.000127586 3.55271e-15
threshold=14.994633030740774 1.5000000000000002 9.6803065869161404 15.060415714025961 15.324303964296059 11.087696888901339
decision_type=2 2 2 2 2 2
left_child=1 2 -1 -2 -5 -3
right_child=3 5 -4 4 -6 -7
leaf_value=0.059431359857227951 0.1143566762483246 0.13191582440726413 -0.088789364495712217 0.13208029765259957 0.13189163541435178 0.1319158244072641
leaf_weight=7.9337646067142478 9.3127915412187559 6.8030172586441022 275.12165531516075 35.412226840853691 106.10985261201859 4.5353448390960693
leaf_count=37 39 30 9250 156 468 20
internal_value=-0.00611689 -0.0762946 -0.0846349 0.130853 0.131939 0.131916
internal_weight=445.229 294.394 283.055 150.835 141.522 11.3384
internal_count=10000 9337 9287 663 624 50
is_linear=0
shrinkage=0.0860649


Tree=11
num_leaves=7
num_cat=0
split_feature=1 2 0 1 3 0
split_gain=513.974 62.2586 21.2815 0.402325 9.39413e-05 3.55271e-15
threshold=14.994633030740774 1.5000000000000002 9.6803065869161404 15.060415714025961 0.91597561503675362 11.087696888901339
decision_type=2 2 2 2 2 2
left_child=1 2 -1 -2 -5 -3
right_child=3 5 -4 4 -6 -7
leaf_value=0.053097545158618489 0.10753745588268805 0.12624933747663214 -0.088557884583328375 0.12624295189310447 0.12646852729656949 0.12624933747663211
leaf_weight=8.1074503213167173 9.0621006041765195 6.5094888210296613 253.06461146101356 119.98464161157608 15.433977842330931 4.3396592140197754
leaf_count=37 39 30 9250 553 71 20
internal_value=-0.0060913 -0.0757687 -0.0841605 0.125094 0.126269 0.126249
internal_weight=416.502 272.021 261.172 144.481 135.419 10.8491
internal_count=10000 9337 9287 663 624 50
is_linear=0
shrinkage=0.0860649


Tree=12
num_leaves=6
num_cat=0
split_feature=1 2 0 1 3
split_gain=458.92 56.2798 19.8969 0.442247 6.43805e-05
threshold=14.994633030740774 1.5000000000000002 9.6803065869161404 15.060415714025961 0.91597561503675362
decision_type=2 2 2 2 2
left_child=1 2 -1 -2 -5
right_child=3 -3 -4 4 -6
leaf_value=0.047618930723522336 0.10154088177080774 0.12148325494023293 -0.088346609058279651 0.12147785978957998 0.12166924368309001
leaf_weight=8.2550332546234113 8.7836782932281476 10.327412933111189 232.72655159235001 114.21391896903515 14.694633990526198
leaf_count=37 39 50 9250 553 71
internal_value=-0.00606334 -0.0752575 -0.083689 0.120226 0.1215
internal_weight=389.001 251.309 240.982 137.692 128.909
internal_count=10000 9337 9287 663 624
is_linear=0
shrinkage=0.0860649


Tree=13
num_leaves=6
num_cat=0
split_feature=1 2 0 1 1
split_gain=411.004 50.9572 18.682 0.484332 4.72467e-05
threshold=14.994633030740774 1.5000000000000002 9.6803065869161404 15.060415714025961 15.324303964296059
decision_type=2 2 2 2 2
left_child=1 2 -1 -2 -5
right_child=3 -3 -4 4 -6
leaf_value=0.042837010864200435 0.096184812754599808 0.11743160577399071 -0.0881536779142892 0.11753831233452415 0.11741476750777291
leaf_weight=8.3807058185338956 8.487948462367056 9.7880207002162916 213.98157998919487 30.584766551852226 91.592779040336609
leaf_count=37 39 50 9250 156 468
internal_value=-0.00603391 -0.0747569 -0.0832167 0.116065 0.117446
internal_weight=362.816 232.15 222.362 130.665 122.178
internal_count=10000 9337 9287 663 624
is_linear=0
shrinkage=0.0860649


Tree=14
num_leaves=6
num_cat=0
split_feature=1 2 0 1 1
split_gain=369.009 46.1952 17.6091 0.528477 3.39203e-05
threshold=14.994633030740774 1.5000000000000002 9.6803065869161404 15.060415714025961 15.190237390772056
decision_type=2 2 2 2 2
left_child=1 2 -1 -2 -5
right_child=3 -3 -4 4 -6
leaf_value=0.038632122690491467 0.091334374686744879 0.11395621721509398 -0.08797742428324748 0.11409171115270622 0.11395073412976771
leaf_weight=8.4879436790943128 8.1830553114414197 9.2424891889095289 196.71165756881237 14.45243927836418 100.91702605783939
leaf_count=37 39 50 9250 78 546
internal_value=-0.00600356 -0.0742627 -0.0827403 0.112469 0.113968
internal_weight=337.995 214.442 205.2 123.553 115.369
internal_count=10000 9337 9287 663 624
is_linear=0
shrinkage=0.0860649


Tree=15
num_leaves=7
num_cat=0
split_feature=1 2 0 1 3 0
split_gain=331.988 41.9178 16.6561 0.574573 2.51499e-05 1.77636e-15
threshold=14.994633030740774 1.5000000000000002 9.6803065869161404 15.060415714025961 0.91597561503675362 10.967694939287535
decision_type=2 2 2 2 2 2
left_child=1 2 -1 -2 -5 -3
right_child=3 5 -4 4 -6 -7
leaf_value=0.034911986758731466 0.086887782971001304 0.11095224288139671 -0.08781635744518812 0.11094798416310805 0.11107828031612767 0.11095224288139667
leaf_weight=8.5796369761228544 7.8753187954425803 5.0458028018474561 180.80634344369173 96.209121435880661 12.385647550225256 3.6538572013378143
leaf_count=37 39 29 9250 553 71 21
internal_value=-0.00597262 -0.073771 -0.0822565 0.109335 0.110963 0.110952
internal_weight=314.556 198.086 189.386 116.47 108.595 8.69966
internal_count=10000 9337 9287 663 624 50
is_linear=0
shrinkage=0.0860649


Tree=16
num_leaves=6
num_cat=0
split_feature=1 2 0 1 1
split_gain=299.193 38.0636 15.8052 0.622499 1.80927e-05
threshold=14.994633030740774 1.5000000000000002 9.6803065869161404 15.060415714025961 15.324303964296059
decision_type=2 2 2 2 2
left_child=1 2 -1 -2 -5
right_child=3 -3 -4 4 -6
leaf_value=0.031604016896276739 0.082767135169126926 0.10833861604531393 -0.087669111926846524 0.10841062311194964 0.10832693179624703
leaf_weight=8.6581978350877744 7.5695956796407691 8.1662364304065687 166.16253647953272 25.525004893541336 76.412197172641754
leaf_count=37 39 50 9250 156 468
internal_value=-0.00594124 -0.0732783 -0.081762 0.10658 0.108348
internal_weight=292.494 182.987 174.821 109.507 101.937
internal_count=10000 9337 9287 663 624
is_linear=0
shrinkage=0.0860649


Tree=17
num_leaves=7
num_cat=0
split_feature=1 2 0 1 3 0
split_gain=270.021 34.5818 15.042 0.672118 1.366e-05 1.77636e-15
threshold=14.994633030740774 1.5000000000000002 9.6803065869161404 15.060415714025961 0.91597561503675362 10.834433969439631
decision_type=2 2 2 2 2 2
left_child=1 2 -1 -2 -5 -3
right_child=3 5 -4 4 -6 -7
leaf_value=0.028650161351973444 0.078912163881050421 0.10605163830811008 -0.087534459774265272 0.10604811367010965 0.10615052201378104 0.10605163830811007
leaf_weight=8.7256430685520154 7.2695662528276435 3.2118274122476569 152.6841651648283 84.568821623921394 10.890260696411131 4.4353807121515274
leaf_count=37 39 21 9250 553 71 29
internal_value=-0.00590946 -0.072781 -0.0812536 0.104139 0.10606 0.106052
internal_weight=271.786 169.057 161.41 102.729 95.4591 7.64721
internal_count=10000 9337 9287 663 624 50
is_linear=0
shrinkage=0.0860649


Tree=18
num_leaves=6
num_cat=0
split_feature=1 2 0 1 1
split_gain=243.982 31.43 14.3544 0.723272 1.00131e-05
threshold=14.994633030740774 1.5000000000000002 9.6803065869161404 15.060415714025961 15.190237390772056
decision_type=2 2 2 2 2
left_child=1 2 -1 -2 -5
right_child=3 -3 -4 4 -6
leaf_value=0.026003213885508466 0.075275953153313743 0.10404052578638694 -0.087411298157427361 0.10412392281884394 0.10403683462460808
leaf_weight=8.7836625427007657 6.9779682159423819 7.1461953222751609 140.28178271837533 11.180477470159529 78.025171652436256
leaf_count=37 39 50 9250 78 546
internal_value=-0.00587727 -0.0722758 -0.0807284 0.10196 0.104048
internal_weight=252.395 156.212 149.065 96.1836 89.2056
internal_count=10000 9337 9287 663 624
is_linear=0
shrinkage=0.0860649


Tree=19
num_leaves=6
num_cat=0
split_feature=1 2 0 1 3
split_gain=220.668 28.572 13.7322 0.775783 7.54289e-06
threshold=14.994633030740774 1.5000000000000002 9.6803065869161404 15.060415714025961 0.91597561503675362
decision_type=2 2 2 2 2
left_child=1 2 -1 -2 -5
right_child=3 -3 -4 4 -6
leaf_value=0.02362431400304783 0.071821833924569756 0.1022643307291741 -0.087298604321695145 0.10226144637345892 0.10234294788603621
leaf_weight=8.8336759656667692 6.6967847794294348 6.6657245159149161 128.87229141779244 73.713872179389 9.4946129471063596
leaf_count=37 39 50 9250 553 71
internal_value=-0.00584456 -0.0717593 -0.080183 0.100003 0.102271
internal_weight=234.277 144.372 137.706 89.9053 83.2085
internal_count=10000 9337 9287 663 624
is_linear=0
shrinkage=0.0860649


Tree=20
num_leaves=7
num_cat=0
split_feature=1 2 0 1 1 0
split_gain=199.741 25.977 13.1667 0.829448 5.57009e-06 1.77636e-15
threshold=14.994633030740774 1.5000000000000002 9.6803065869161404 15.060415714025961 15.324303964296059 11.087696888901339
decision_type=2 2 2 2 2 2
left_child=1 2 -1 -2 -5 -3
right_child=3 5 -4 4 -6 -7
leaf_value=0.021481023337036886 0.068521178468547689 0.10068960050603734 -0.087195468396849968 0.10073522427376605 0.10068196828373099 0.1006896005060373
leaf_weight=8.8768758922815305 6.4273950755596152 3.7244736403226844 118.37854632176459 19.408262252807617 58.080088049173355 2.4829824268817902
leaf_count=37 39 30 9250 156 468 20
internal_value=-0.00581123 -0.0712285 -0.0796146 0.098231 0.100695 0.10069
internal_weight=217.379 133.463 127.255 83.9157 77.4884 6.20746
internal_count=10000 9337 9287 663 624 50
is_linear=0
shrinkage=0.0860649


Tree=21
num_leaves=6
num_cat=0
split_feature=1 2 0 1 3
split_gain=180.913 23.618 12.6506 0.884047 4.23617e-06
threshold=14.994633030740774 1.5000000000000002 9.6803065869161404 15.060415714025961 0.91597561503675362
decision_type=2 2 2 2 2
left_child=1 2 -1 -2 -5
right_child=3 -3 -4 4 -6
leaf_value=0.019545995884328558 0.065351745566495298 0.09928876988119599 -0.087101065630780281 0.099286361139252585 0.099351990168191601
leaf_weight=8.9142679721117002 6.1706994473934165 5.7723652571439734 108.72900206595659 63.833836667239666 8.2235999256372434
leaf_count=37 39 50 9250 553 71
internal_value=-0.0057771 -0.0706802 -0.07902 0.0966165 0.0992939
internal_weight=201.644 123.416 117.643 78.2281 72.0574
internal_count=10000 9337 9287 663 624
is_linear=0
shrinkage=0.0860649


Tree=22
num_leaves=7
num_cat=0
split_feature=1 2 0 1 1 0
split_gain=163.943 21.4717 12.1774 0.939336 3.15894e-06 8.88178e-16
threshold=14.994633030740774 1.5000000000000002 9.6803065869161404 15.060415714025961 15.190237390772056 10.924125554126013
decision_type=2 2 2 2 2 2
left_child=1 2 -1 -2 -5 -3
right_child=3 5 -4 4 -6 -7
leaf_value=0.017795944368558546 0.062296425049446963 0.098038858906908638 -0.08701463420841489 0.098092802450248193 0.09803633504921537 0.098038858906908596
leaf_weight=8.9467001706361753 5.9272181987762442 2.6804452762007704 99.857394117861986 8.3902753442525846 58.530956126749516 2.6804452762007713
leaf_count=37 39 25 9250 78 546 25
internal_value=-0.00574201 -0.0701114 -0.0783963 0.0951349 0.0980434 0.0980389
internal_weight=187.013 114.165 108.804 72.8484 66.9212 5.36089
internal_count=10000 9337 9287 663 624 50
is_linear=0
shrinkage=0.0860649


Tree=23
num_leaves=7
num_cat=0
split_feature=1 2 0 1 3 0
split_gain=148.619 19.5175 11.7418 0.995054 2.40216e-06 8.88178e-16
threshold=14.994633030740774 1.5000000000000002 9.6803065869161404 15.060415714025961 0.91597561503675362 11.087696888901339
decision_type=2 2 2 2 2 2
left_child=1 2 -1 -2 -5 -3
right_child=3 5 -4 4 -6 -7
leaf_value=0.016210835706435146 0.059342256832995058 0.096920660483587009 -0.086935489206556193 0.096918672023614816 0.096971913225257597 0.096920660483586954
leaf_weight=8.9748886823654157 5.6971757411956778 2.9838312417268744 91.702385572716594 54.9941191598773 7.0858876556158057 1.9892208278179166
leaf_count=37 39 30 9250 553 71 20
internal_value=-0.00570577 -0.069519 -0.0777405 0.0937657 0.0969247 0.0969207
internal_weight=173.428 105.65 100.677 67.7772 62.08 4.97305
internal_count=10000 9337 9287 663 624 50
is_linear=0
shrinkage=0.0860649


Tree=24
num_leaves=7
num_cat=0
split_feature=1 2 0 1 1 0
split_gain=134.764 17.7371 11.3387 1.05092 1.80193e-06 8.88178e-16
threshold=14.994633030740774 1.5000000000000002 9.6803065869161404 15.060415714025961 15.324303964296059 10.862386528425807
decision_type=2 2 2 2 2 2
left_child=1 2 -1 -2 -5 -3
right_child=3 5 -4 4 -6 -7
leaf_value=0.014773317249362672 0.056479666835945089 0.095917888020736419 -0.086863005565738574 0.095947915601543365 0.095912763579743474 0.095917888020736378
leaf_weight=8.9994405359029752 5.4805645346641532 2.0277622938156119 84.207265637814999 14.411990277469156 43.118055939674377 2.5807883739471436
leaf_count=37 39 22 9250 156 468 28
internal_value=-0.00566818 -0.0689003 -0.0770497 0.092491 0.0959216 0.0959179
internal_weight=160.826 97.8153 93.2067 63.0106 57.53 4.60855
internal_count=10000 9337 9287 663 624 50
is_linear=0
shrinkage=0.0860649


Tree=25
num_leaves=6
num_cat=0
split_feature=1 2 0 1 3
split_gain=122.219 16.1143 10.964 1.10664 1.37656e-06
threshold=14.994633030740774 1.5000000000000002 9.6803065869161404 15.060415714025961 0.91597561503675362
decision_type=2 2 2 2 2
left_child=1 2 -1 -2 -5
right_child=3 -3 -4 4 -6
leaf_value=0.013468250526525909 0.053701851312495483 0.095016729085866627 -0.086796601518287025 0.095015071222274192 0.095058580162319412
leaf_weight=9.0208695828914625 5.2771990299224845 4.2668450623750678 77.31961365789175 47.184216387569904 6.0803847461938849
leaf_count=37 39 50 9250 553 71
internal_value=-0.00562902 -0.0682523 -0.0763209 0.0912954 0.09502
internal_weight=149.149 90.6073 86.3405 58.5418 53.2646
internal_count=10000 9337 9287 663 624
is_linear=0
shrinkage=0.0860649


Tree=26
num_leaves=6
num_cat=0
split_feature=1 2 0 1 1
split_gain=110.849 14.6347 10.6139 1.16191 1.03753e-06
threshold=14.994633030740774 1.5000000000000002 9.6803065869161404 15.060415714025961 15.190237390772056
decision_type=2 2 2 2 2
left_child=1 2 -1 -2 -5
right_child=3 -3 -4 4 -6
leaf_value=0.012282381727596582 0.051004199654504284 0.094205314959128095 -0.086735775755363509 0.094241284732566974 0.094203574777399879
leaf_weight=9.0396113842725736 5.0867614001035681 3.9472166448831549 70.991006214171648 6.179230570793151 43.09547696262598
leaf_count=37 39 50 9250 78 546
internal_value=-0.00558808 -0.0675724 -0.0755515 0.0901656 0.0942083
internal_weight=138.339 83.9778 80.0306 54.3615 49.2747
internal_count=10000 9337 9287 663 624
is_linear=0
shrinkage=0.0860649


Tree=27
num_leaves=6
num_cat=0
split_feature=1 2 0 1 3
split_gain=100.533 13.2854 10.2851 1.21641 7.93724e-07
threshold=14.994633030740774 1.5000000000000002 9.6803065869161404 15.060415714025961 0.91597561503675362
decision_type=2 2 2 2 2
left_child=1 2 -1 -2 -5
right_child=3 -3 -4 4 -6
leaf_value=0.011203975791771256 0.048383910251298415 0.093473463051251274 -0.086680039496939171 0.093472079733924587 0.093507804944741063
leaf_weight=9.0560375452041608 4.90883445739746 3.6488186568021765 65.176762989722192 40.349617712199688 5.2001934722065917
leaf_count=37 39 50 9250 553 71
internal_value=-0.00554513 -0.0668578 -0.0747387 0.0890894 0.0934762
internal_weight=128.34 77.8816 74.2328 50.4586 45.5498
internal_count=10000 9337 9287 663 624
is_linear=0
shrinkage=0.0860649


Tree=28
num_leaves=7
num_cat=0
split_feature=1 2 0 1 1 0
split_gain=91.1677 12.0548 9.97455 1.26983 6.01451e-07 4.44089e-16
threshold=14.994633030740774 1.5000000000000002 9.6803065869161404 15.060415714025961 15.324303964296059 10.862386528425807
decision_type=2 2 2 2 2 2
left_child=1 2 -1 -2 -5 -3
right_child=3 5 -4 4 -6 -7
leaf_value=0.010222641848940475 0.045839571466436836 0.092812334860100543 -0.086628966778231911 0.092832575637148071 0.092808830067531892 0.092812334860100529
leaf_weight=9.0704634338617307 4.74293029308319 1.4831162095069879 59.835658175870776 10.542444936931131 31.535821467638016 1.8876024484634397
leaf_count=37 39 22 9250 156 468 28
internal_value=-0.00549996 -0.066106 -0.0738799 0.0880562 0.0928148 0.0928123
internal_weight=119.098 72.2768 68.9061 46.8212 42.0783 3.37072
internal_count=10000 9337 9287 663 624 50
is_linear=0
shrinkage=0.0860649


Tree=29
num_leaves=6
num_cat=0
split_feature=1 2 0 1 3
split_gain=82.6583 10.9323 9.67975 1.32186 4.60601e-07
threshold=14.994633030740774 1.5000000000000002 9.6803065869161404 15.060415714025961 0.91597561503675362
decision_type=2 2 2 2 2
left_child=1 2 -1 -2 -5
right_child=3 -3 -4 4 -6
leaf_value=0.0093291608291133764 0.043370847082844471 0.092214276743535897 -0.08658215406887293 0.092213129550829304 0.092242597355158121
leaf_weight=9.0831575542688352 4.58851334452629 3.1119292601943007 54.929674952290952 34.412357483059168 4.4354050233960143
leaf_count=37 39 50 9250 553 71
internal_value=-0.00545233 -0.0653146 -0.0729727 0.0870565 0.0922165
internal_weight=110.561 67.1248 64.0128 43.4363 38.8478
internal_count=10000 9337 9287 663 624
is_linear=0
shrinkage=0.0860649


Tree=30
num_leaves=6
num_cat=0
split_feature=1 2 0 1 3
split_gain=74.9227 9.90867 9.39834 1.37217 3.49874e-07
threshold=14.994633030740774 1.5000000000000002 9.6803065869161404 15.060415714025961 0.91597561503675362
decision_type=2 2 2 2 2
left_child=1 2 -1 -2 -5
right_child=3 -3 -4 4 -6
leaf_value=0.0085152584127887697 0.040978168961324939 0.091672574187882758 -0.086539261973776302 0.091671534858622283 0.091698271182814234
leaf_weight=9.0943509191274625 4.4450182840228072 2.8714351356029502 50.423772889189422 31.752889644354582 4.0927360840141764
leaf_count=37 39 50 9250 553 71
internal_value=-0.00540203 -0.0644814 -0.072015 0.0860816 0.0916746
internal_weight=102.68 62.3896 59.5181 40.2906 35.8456
internal_count=10000 9337 9287 663 624
is_linear=0
shrinkage=0.0860649


Tree=31
num_leaves=7
num_cat=0
split_feature=1 2 0 1 1 0
split_gain=67.8873 8.9752 9.12823 1.42046 2.6845e-07 4.44089e-16
threshold=14.994633030740774 1.5000000000000002 9.6803065869161404 15.060415714025961 15.324303964296059 10.952708599618225
decision_type=2 2 2 2 2 2
left_child=1 2 -1 -2 -5 -3
right_child=3 5 -4 4 -6 -7
leaf_value=0.0077735414722757698 0.038662529999859009 0.091181362715527375 -0.086499936015485765 0.091196606328817653 0.091178709041906808 0.091181362715527334
leaf_weight=9.104239806532858 4.3118648231029502 1.4829988330602639 46.285672578960657 8.2833323255181295 24.775745779275894 1.1652133688330648
leaf_count=37 39 28 9250 156 468 22
internal_value=-0.00534884 -0.0636042 -0.0710045 0.0851234 0.0911832 0.0911814
internal_weight=95.4091 58.0381 55.3899 37.3709 33.0591 2.64821
internal_count=10000 9337 9287 663 624 50
is_linear=0
shrinkage=0.0860649


Tree=32
num_leaves=6
num_cat=0
split_feature=1 2 0 1 1
split_gain=61.4865 8.1242 8.86757 1.46644 2.04837e-07
threshold=14.994633030740774 1.5000000000000002 9.6803065869161404 15.060415714025961 15.190237390772056
decision_type=2 2 2 2 2
left_child=1 2 -1 -2 -5
right_child=3 -3 -4 4 -6
leaf_value=0.00709735734800795 0.036425220876341348 0.090735476847197807 -0.086463883813661657 0.090755771257210946 0.09073446750461929
leaf_weight=9.1129923760890943 4.1884676218032828 2.4412438273429862 42.485644575208426 3.822569981217387 26.652858257293701
leaf_count=37 39 50 9250 78 546
internal_value=-0.00529255 -0.0626813 -0.0699397 0.0841746 0.0907371
internal_weight=88.7038 54.0399 51.5986 34.6639 30.4754
internal_count=10000 9337 9287 663 624
is_linear=0
shrinkage=0.0860649


Tree=33
num_leaves=6
num_cat=0
split_feature=1 2 0 1 3
split_gain=55.6617 7.34864 8.61475 1.50983 1.57248e-07
threshold=14.994633030740774 1.5000000000000002 9.6803065869161404 15.060415714025961 0.91597561503675362
decision_type=2 2 2 2 2
left_child=1 2 -1 -2 -5
right_child=3 -3 -4 4 -6
leaf_value=0.0064807448414705808 0.034267654375016832 0.090330347216792381 -0.086430833061021395 0.090329548289192874 0.090349798167819642
leaf_weight=9.1207541823387128 4.0742459148168555 2.2495316341519347 38.996306946501136 24.875583134591583 3.2066379114985457
leaf_count=37 39 50 9250 553 71
internal_value=-0.00523295 -0.061711 -0.0688191 0.0832285 0.0903319
internal_weight=82.5231 50.3666 48.1171 32.1565 28.0822
internal_count=10000 9337 9287 663 624
is_linear=0
shrinkage=0.0860649


Tree=34
num_leaves=6
num_cat=0
split_feature=1 0 2 1 1
split_gain=50.3603 6.78553 8.2249 1.55037 1.20101e-07
threshold=14.994633030740774 9.6803065869161404 1.5000000000000002 15.060415714025961 15.324303964296059
decision_type=2 2 2 2 2
left_child=1 -1 -3 -2 -5
right_child=3 2 -4 4 -6
leaf_value=0.0059183007895608035 0.03219123614803298 -0.0864005422408443 0.089961942546326237 0.089973457618820654 0.089959924709344996
leaf_weight=9.1276492774486524 3.9686297848820713 35.792461596429348 2.0721055567264548 6.4816665053367641 19.38567690551281
leaf_count=37 39 9250 50 156 468
internal_value=-0.00516985 -0.0606921 -0.0767493 0.0822788 0.0899633
internal_weight=76.8282 46.9922 37.8646 29.836 25.8673
internal_count=10000 9337 9300 663 624
is_linear=0
shrinkage=0.0860649


Tree=35
num_leaves=6
num_cat=0
split_feature=1 0 2 1 3
split_gain=45.535 6.5847 7.54113 1.58781 9.23522e-08
threshold=14.994633030740774 9.6803065869161404 1.5000000000000002 15.060415714025961 0.91597561503675362
decision_type=2 2 2 2 2
left_child=1 -1 -3 -2 -5
right_child=3 2 -4 4 -6
leaf_value=0.0054051330727985401 0.030197215968994509 -0.086372760902241802 0.089626662919384953 0.08962599185415826 0.089642841782810498
leaf_weight=9.1337857246398908 3.8710654303431538 32.850926276296377 1.9080294296145428 21.099142663180832 2.7199691869318476
leaf_count=37 39 9250 50 553 71
internal_value=-0.00510307 -0.0596237 -0.0767116 0.0813195 0.0896279
internal_weight=71.5829 43.8927 34.759 27.6902 23.8191
internal_count=10000 9337 9300 663 624
is_linear=0
shrinkage=0.0860649


Tree=36
num_leaves=6
num_cat=0
split_feature=1 0 2 1 1
split_gain=41.1431 6.3885 6.91466 1.62194 7.0651e-08
threshold=14.994633030740774 9.6803065869161404 1.5000000000000002 15.060415714025961 15.190237390772056
decision_type=2 2 2 2 2
left_child=1 -1 -3 -2 -5
right_child=3 2 -4 4 -6
leaf_value=0.0049368435265846498 0.028286592328443647 -0.086347285799601631 0.089321324923475803 0.089335366078238207 0.089320616293580624
leaf_weight=9.1392550468444806 3.781018070876601 30.150368751492355 1.7564058303832997 2.7504947558045414 19.175830408930779
leaf_count=37 39 9250 50 78 546
internal_value=-0.00503246 -0.058505 -0.0766771 0.0803454 0.0893225
internal_weight=66.7534 41.046 31.9068 25.7073 21.9263
internal_count=10000 9337 9300 663 624
is_linear=0
shrinkage=0.0860649


Tree=37
num_leaves=6
num_cat=0
split_feature=1 0 2 1 3
split_gain=37.1463 6.19602 6.34061 1.65256 5.43443e-08
threshold=14.994633030740774 9.6803065869161404 1.5000000000000002 15.060415714025961 0.91597561503675362
decision_type=2 2 2 2 2
left_child=1 -1 -3 -2 -5
right_child=3 2 -4 4 -6
leaf_value=0.0045094352723064309 0.026460053897726009 -0.086323926699526432 0.089043075109169659 0.089042505850570358 0.089056549012568459
leaf_weight=9.1441382914781553 3.6979757547378567 27.671166812069718 1.6163788735866536 17.873998872935775 2.3043020516633979
leaf_count=37 39 9250 50 553 71
internal_value=-0.00495786 -0.0573361 -0.0766454 0.079351 0.0890441
internal_weight=62.308 38.4317 29.2875 23.8763 20.1783
internal_count=10000 9337 9300 663 624
is_linear=0
shrinkage=0.0860649


Tree=38
num_leaves=7
num_cat=0
split_feature=1 6 2 1 5 1
split_gain=33.5098 6.11898 4.82821 1.6795 0.470739 4.16954e-08
threshold=14.994633030740774 10.673776010156823 1.5000000000000002 15.060415714025961 1.6508843532162336 15.324303964296059
decision_type=2 2 2 2 2 2
left_child=1 4 -3 -2 -1 -5
right_child=3 2 -4 5 -6 -7
leaf_value=-0.086302506488746475 0.024717906128051383 -0.069715267482508239 0.088789346488724954 0.088797354519001032 0.14113199123475922 0.08878794246606235
leaf_weight=0.071381330955772593 3.6214496269822147 33.260996450437233 1.4871362596750248 4.6521044876426485 1.2114078004378823 13.912794537842272
leaf_count=26 39 9176 50 156 85 468
internal_value=-0.00487917 -0.0561171 -0.0629317 0.0783318 0.128476 0.0887903
internal_weight=58.2173 36.0309 34.7481 22.1863 1.28279 18.5649
internal_count=10000 9337 9226 663 111 624
is_linear=0
shrinkage=0.0860649


Tree=39
num_leaves=6
num_cat=0
split_feature=1 0 2 1 3
split_gain=30.0234 6.50065 5.33805 1.7026 3.2074e-08
threshold=14.994633030740774 9.6803065869161404 1.5000000000000002 15.060415714025961 0.91597561503675362
decision_type=2 2 2 2 2
left_child=1 -1 -3 -2 -5
right_child=3 2 -4 4 -6
leaf_value=0.0081813491857960132 0.023060054659984886 -0.086287057580264781 0.088557880243470471 0.088557406179359005 0.088569133563085892
leaf_weight=9.0892112851142866 3.5509760752320316 23.741233898093927 1.3679095543920983 15.126377910375597 1.95015164092183
leaf_count=37 39 9250 50 553 71
internal_value=-0.00472219 -0.0541856 -0.0767618 0.0772833 0.0885587
internal_weight=54.8259 34.1984 25.1091 20.6275 17.0765
internal_count=10000 9337 9300 663 624
is_linear=0
shrinkage=0.0860649


Tree=40
num_leaves=6
num_cat=0
split_feature=1 0 2 1 1
split_gain=27.0396 6.24449 4.8956 1.72176 2.4604e-08
threshold=14.994633030740774 9.6803065869161404 1.5000000000000002 15.060415714025961 15.190237390772056
decision_type=2 2 2 2 2
left_child=1 -1 -3 -2 -5
right_child=3 2 -4 4 -6
leaf_value=0.0074691830562823138 0.021486011842003414 -0.086268690345676927 0.088346595564987432 0.088356387441579046 0.08834610269852311
leaf_weight=9.0985554158687574 3.4861163273453739 21.787839783821259 1.2579747475683678 1.9700944460928429 13.734057154506443
leaf_count=37 39 9250 50 78 546
internal_value=-0.00463991 -0.0529023 -0.0767372 0.0762013 0.0883474
internal_weight=51.3346 32.1444 23.0458 19.1903 15.7042
internal_count=10000 9337 9300 663 624
is_linear=0
shrinkage=0.0860649


Tree=41
num_leaves=6
num_cat=0
split_feature=1 0 2 1 3
split_gain=24.3276 5.99712 4.49001 1.73688 1.89581e-08
threshold=14.994633030740774 9.6803065869161404 1.5000000000000002 15.060415714025961 0.91597561503675362
decision_type=2 2 2 2 2
left_child=1 -1 -3 -2 -5
right_child=3 2 -4 4 -6
leaf_value=0.0068198476861086347 0.019994853948303269 -0.086251849042584705 0.088153661126907007 0.08815327158039106 0.088163076496017359
leaf_weight=9.1068334281444567 3.4264568313956287 19.994832227472219 1.156651135534047 12.790251662954686 1.6490184701979149
leaf_count=37 39 9250 50 553 71
internal_value=-0.00455333 -0.0515733 -0.0767146 0.0750821 0.0881544
internal_weight=48.124 30.2583 21.1515 17.8657 14.4393
internal_count=10000 9337 9300 663 624
is_linear=0
shrinkage=0.0860649


Tree=42
num_leaves=6
num_cat=0
split_feature=1 0 2 1 1
split_gain=21.864 5.75745 4.11817 1.74789 1.46075e-08
threshold=14.994633030740774 9.6803065869161404 1.5000000000000002 15.060415714025961 15.324303964296059
decision_type=2 2 2 2 2
left_child=1 -1 -3 -2 -5
right_child=3 2 -4 4 -6
leaf_value=0.0062276371766427736 0.018585297925705953 -0.086236398769998557 0.087977419425035883 0.087983017742746347 0.087976429500116679
leaf_weight=9.1141799539327639 3.3716096580028561 18.349093938013542 1.0633005760610093 3.3263776134699574 9.9475431963801366
leaf_count=37 39 9250 50 156 468
internal_value=-0.00446242 -0.0502007 -0.076694 0.0739223 0.0879781
internal_weight=45.1721 28.5266 19.4124 16.6455 13.2739
internal_count=10000 9337 9300 663 624
is_linear=0
shrinkage=0.0860649


Tree=43
num_leaves=8
num_cat=0
split_feature=1 6 2 0 3 1 1
split_gain=19.6413 5.13168 2.73838 2.3554 1.12231e-08 1.45821e-07 2.22678e-09
threshold=15.060415714025961 10.74991829326224 1.5000000000000002 10.07783194421202 0.91597561503675362 15.421260473585464 15.190237390772056
decision_type=2 2 2 2 2 2 2
left_child=1 3 -3 -1 6 -6 -2
right_child=4 2 -4 -5 5 -7 -8
leaf_value=0.10526060406539368 0.087812601474384536 -0.058916456643487644 0.087816350388845027 -0.066699236235873052 0.087865112995686737 0.087805267547941324 0.087816466403381505
leaf_weight=2.3666113748913662 1.2484071254730214 26.127924424596134 0.97732637077569862 0.78596222808118898 0.4414325077086676 0.95195894129574299 9.5588533747941238
leaf_count=37 64 8919 50 370 22 49 489
internal_value=-0.00436727 -0.0415381 -0.0536258 0.0623896 0.087817 0.0878242 0.087816
internal_weight=42.4585 30.2578 27.1053 3.15257 12.2007 1.39339 10.8073
internal_count=10000 9376 8969 407 624 71 553
is_linear=0
shrinkage=0.0860649


Tree=44
num_leaves=7
num_cat=0
split_feature=1 0 2 3 1 4
split_gain=17.9904 5.64091 3.46998 1.88153 5.0696 0.979582
threshold=14.994633030740774 9.6803065869161404 1.5000000000000002 0.91597561503675362 15.124016366044282 0.98296291314453421
decision_type=2 2 2 2 2 2
left_child=1 -1 -3 5 -5 -2
right_child=3 2 -4 4 -6 -7
leaf_value=0.0073163500713542507 0.089311044561963912 -0.086213289268546003 0.087669102561917914 -0.23675173564078905 0.087670399808143673 -0.0041221064094574622
leaf_weight=9.0765779316425341 12.139300394803282 15.88205298979301 0.89817112311720926 0.52091966569423576 1.1323310732841489 0.8922655079513796
leaf_count=37 562 9250 50 12 63 26
internal_value=-0.0041354 -0.0473413 -0.0769061 0.0719409 -0.0145512 0.0829137
internal_weight=40.5416 25.8568 16.7802 14.6848 1.65325 13.0316
internal_count=10000 9337 9300 663 75 588
is_linear=0
shrinkage=0.0860649


Tree=45
num_leaves=6
num_cat=0
split_feature=1 0 2 3 6
split_gain=16.1368 5.38744 3.1829 1.77659 1.59198
threshold=14.994633030740774 9.6803065869161404 1.5000000000000002 0.98296291314453421 11.254146759766094
decision_type=2 2 2 2 2
left_child=1 -1 -3 4 -2
right_child=3 2 -4 -5 -6
leaf_value=0.0066805010902070139 0.082549082716333058 -0.08620103110091254 0.087534448144384255 -0.094575478133343507 -0.06937992054591588
leaf_weight=9.0845831185579318 12.740545308217401 14.574315465288233 0.82531543448567468 0.46564727462828237 0.5322078503668316
leaf_count=37 623 9250 50 22 18
internal_value=-0.00399321 -0.0458821 -0.07689 0.0706601 0.0764571
internal_weight=38.2226 24.4842 15.3996 13.7384 13.2728
internal_count=10000 9337 9300 663 641
is_linear=0
shrinkage=0.0860649


Tree=46
num_leaves=7
num_cat=0
split_feature=1 6 3 4 3 1
split_gain=14.8757 4.48085 2.78423 0.190243 4.28503e-06 1.69602e-06
threshold=15.060415714025961 10.673776010156823 0.91597561503675362 -0.78656609248549303 0.98296291314453421 15.124016366044282
decision_type=2 2 2 2 2 2
left_child=1 3 -3 -1 5 -2
right_child=4 2 -4 -5 -6 -7
leaf_value=0.15046740291217797 0.087572771265402555 -0.034487524887050779 -0.12286198044527477 0.076821789738579199 0.087728398237967867 0.087426422249531482
leaf_weight=0.79673634562641382 0.62919347360729894 22.24420437915251 2.9962989679770535 0.38554368517361826 0.38764961436390954 8.6538033187389356
leaf_count=31 38 8095 1170 80 21 565
internal_value=-0.00388155 -0.0373079 -0.0449785 0.126451 0.087448 0.0874363
internal_weight=36.0934 26.4228 25.2405 1.18228 9.67065 9.283
internal_count=10000 9376 9265 111 624 603
is_linear=0
shrinkage=0.0860649


Tree=47
num_leaves=7
num_cat=0
split_feature=1 6 3 2 3 1
split_gain=13.3197 4.02803 2.23186 1.93211 3.29595e-06 1.30623e-06
threshold=15.060415714025961 10.74991829326224 0.91597561503675362 1.0000000180025095e-35 0.98296291314453421 15.124016366044282
decision_type=2 2 2 2 2 2
left_child=1 3 -3 -1 5 -2
right_child=4 2 -4 -5 -6 -7
leaf_value=0.082848419977193583 0.087446441893518162 -0.036936161113444707 -0.11867842258504351 -0.1448809823360023 0.087588736561842212 0.087312451047327516
leaf_weight=2.6743503062753038 0.57810438796877495 20.157038251403723 2.8203332377597681 0.30771144409663964 0.35622432827949602 7.9500760976225138
leaf_count=368 38 7822 1147 39 21 565
internal_value=-0.00362638 -0.0347562 -0.0469695 0.0593496 0.0873322 0.0873215
internal_weight=34.8438 25.9594 22.9774 2.98206 8.8844 8.52818
internal_count=10000 9376 8969 407 624 603
is_linear=0
shrinkage=0.0860649


Tree=48
num_leaves=7
num_cat=0
split_feature=1 0 2 3 1 4
split_gain=12.0048 5.19686 3.21021 1.80454 4.48388 1.03479
threshold=14.994633030740774 9.6803065869161404 1.5000000000000002 0.91597561503675362 15.060415714025961 0.98296291314453421
decision_type=2 2 2 2 2 2
left_child=1 -1 -3 5 -5 -2
right_child=3 2 -4 4 -6 -7
leaf_value=0.0099418357702800077 0.089082672851039643 -0.086180434174921633 0.087571988984608273 -0.22148179590349845 0.087349481889437475 -0.011536020733534071
leaf_weight=8.9625729024410266 9.2297851480543578 12.299578290665519 0.84152296185493547 0.53161323070526023 1.0094752088189123 0.82474042009562332
leaf_count=37 562 9250 50 4 71 26
internal_value=-0.00338436 -0.0405898 -0.0750538 0.0675371 -0.0191848 0.0808292
internal_weight=33.6993 22.1037 13.1411 11.5956 1.54109 10.0545
internal_count=10000 9337 9300 663 75 588
is_linear=0
shrinkage=0.0860649


Tree=49
num_leaves=7
num_cat=0
split_feature=1 0 6 2 3 4
split_gain=10.8355 3.47992 2.64061 2.13906 1.89575e-06 1.81413e-06
threshold=15.060415714025961 10.393972579207793 10.673776010156823 1.5000000000000002 0.98296291314453421 0.98296291314453421
decision_type=2 2 2 2 2 2
left_child=1 2 -1 -3 5 -2
right_child=4 3 -4 -5 -6 -7
leaf_value=0.13486030319755157 0.087114919097009649 -0.068863912070475375 -0.0090438847455786477 0.087452973299438352 0.087344247432528097 0.087335933322374243
leaf_weight=1.0423457256984026 6.9236658886075011 12.598825884051617 10.063492920598945 0.68361357785761434 0.30073028150945891 0.28647589590400446
leaf_count=39 583 8238 1055 44 21 20
internal_value=-0.00325467 -0.0310913 0.00446234 -0.0608187 0.0871325 0.0871237
internal_weight=31.8992 24.3883 11.1058 13.2824 7.51087 7.21014
internal_count=10000 9376 1094 8282 624 603
is_linear=0
shrinkage=0.0860649


Tree=50
num_leaves=7
num_cat=0
split_feature=1 0 2 3 1 4
split_gain=10.01 4.73031 2.7349 1.71288 3.08843 0.984917
threshold=14.994633030740774 9.6803065869161404 1.5000000000000002 0.91597561503675362 15.060415714025961 0.98296291314453421
decision_type=2 2 2 2 2 2
left_child=1 -1 -3 5 -5 -2
right_child=3 2 -4 4 -6 -7
leaf_value=0.0085518773764422934 0.089071541346842378 -0.086164848732439722 0.087344932651043317 -0.16364292554516835 0.087143847446166656 -0.0088397590511782188
leaf_weight=8.9385034590959602 8.0748197752982342 10.621369752101597 0.71840598061680871 0.63479438424110302 0.85180887207388878 0.84018554165959436
leaf_count=37 562 9250 50 4 71 26
internal_value=-0.00305864 -0.0382675 -0.0751725 0.0655822 -0.0199446 0.079844
internal_weight=30.6799 20.2783 11.3398 10.4016 1.4866 8.91501
internal_count=10000 9337 9300 663 75 588
is_linear=0
shrinkage=0.0860649


Tree=51
num_leaves=6
num_cat=0
split_feature=1 0 2 3 6
split_gain=8.94037 4.47109 2.5088 1.62771 1.33234
threshold=14.994633030740774 9.6803065869161404 1.5000000000000002 0.98296291314453421 11.254146759766094
decision_type=2 2 2 2 2
left_child=1 -1 -3 4 -2
right_child=3 2 -4 -5 -6
leaf_value=0.0078069743002141508 0.079997111835028889 -0.086156596039162772 0.087237889419596204 -0.097778414065643846 -0.058560511513703305
leaf_weight=8.9482126682996803 8.7694880822673387 9.7463678959174977 0.65993585437536317 0.43861621338874179 0.54605869576335031
leaf_count=37 623 9250 50 22 18
internal_value=-0.00294122 -0.036802 -0.0751604 0.0642463 0.0718751
internal_weight=29.1087 19.3545 10.4063 9.75416 9.31555
internal_count=10000 9337 9300 663 641
is_linear=0
shrinkage=0.0860649


Tree=52
num_leaves=7
num_cat=0
split_feature=1 6 1 2 3 4
split_gain=8.21925 3.0464 2.38982 1.67328 4.52265e-06 2.51474e-06
threshold=15.060415714025961 10.74991829326224 11.975567150779437 1.0000000180025095e-35 0.98296291314453421 0.98296291314453421
decision_type=2 2 2 2 2 2
left_child=1 3 -3 -1 5 -2
right_child=4 2 -4 -5 -6 -7
leaf_value=0.079124413205315505 0.086882656843656106 -0.077556108284752331 -0.015042450575872952 -0.14135251555690581 0.087249806416967099 0.087163163770199018
leaf_weight=2.5038915979676015 5.4107187176123253 7.4760869933525127 11.493364197900517 0.28388047998305399 0.27912733517587174 0.24756431486457575
leaf_count=368 583 4766 4203 39 21 20
internal_value=-0.00284109 -0.027334 -0.0396798 0.0566731 0.0869116 0.0868949
internal_weight=27.6946 21.7572 18.9695 2.78777 5.93741 5.65828
internal_count=10000 9376 8969 407 624 603
is_linear=0
shrinkage=0.0860649


Tree=53
num_leaves=7
num_cat=0
split_feature=1 0 0 6 3 4
split_gain=7.40026 2.82463 5.95215 2.01469 3.48358e-06 1.93712e-06
threshold=15.060415714025961 10.445468779465912 10.452557681487995 10.673776010156823 0.98296291314453421 0.98296291314453421
decision_type=2 2 2 2 2 2
left_child=1 3 -3 -1 5 -2
right_child=4 2 -4 -5 -6 -7
leaf_value=0.12144971811504519 0.08681461353267636 -0.65289410567145256 -0.050514837804393586 -0.0067120211418216693 0.087150831461637948 0.08707150390836231
leaf_weight=0.99956596933771535 4.968243094161152 0.1229567940463302 10.274347174097782 9.9765794490231183 0.25638715643435706 0.22737751062959421
leaf_count=40 583 36 8061 1239 21 20
internal_value=-0.00266136 -0.0254919 -0.0576385 0.0049593 0.0868411 0.0868259
internal_weight=26.8255 21.3734 10.3973 10.9761 5.45201 5.19562
internal_count=10000 9376 8097 1279 624 603
is_linear=0
shrinkage=0.0860649


Tree=54
num_leaves=7
num_cat=0
split_feature=1 0 2 3 6 4
split_gain=6.76704 3.06942 2.38783 1.50616 2.28566 0.775567
threshold=14.287773922501176 9.6803065869161404 1.5000000000000002 0.91597561503675362 11.254146759766094 0.98296291314453421
decision_type=2 2 2 2 2 2
left_child=1 -1 -3 5 -5 -2
right_child=3 2 -4 4 -6 -7
leaf_value=0.0015749870550452725 0.077465735818069231 -0.086142827578016445 0.087246788303937339 0.018829208444355251 -0.28523199172953667 -0.0085640753315489697
leaf_weight=8.1068599075079018 7.438682882988358 7.6756411184323934 0.63715082500129927 1.2029576383647498 0.21600403951015312 0.86662964476272453
leaf_count=34 1054 8670 48 139 4 51
internal_value=-0.0024091 -0.0361058 -0.072853 0.0544885 -0.0274571 0.0684888
internal_weight=26.1439 16.4197 8.31279 9.72427 1.41896 8.30531
internal_count=10000 8752 8718 1248 143 1105
is_linear=0
shrinkage=0.0860649


Tree=55
num_leaves=7
num_cat=0
split_feature=1 6 3 1 3 4
split_gain=6.18898 2.38434 2.69486 1.50205 3.51494e-06 2.26344e-06
threshold=15.060415714025961 10.980253176119545 0.91597561503675362 14.994633030740774 0.98296291314453421 0.98296291314453421
decision_type=2 2 2 2 2 2
left_child=1 2 -1 -3 5 -2
right_child=4 3 -4 -5 -6 -7
leaf_value=0.012679817155359981 0.086706442541404943 -0.085811120480909955 -0.1098992216387082 0.0049315153034541316 0.087061664870305297 0.086995509890648928
leaf_weight=11.735951112350454 4.2528571928851298 5.3444537408940951 1.4980628262564994 1.8083730712532995 0.23488018661737431 0.21057684719562519
leaf_count=3780 583 5054 522 20 21 20
internal_value=-0.00231226 -0.0228344 -0.00119587 -0.0628696 0.0867372 0.0867201
internal_weight=25.0852 20.3868 13.234 7.15283 4.69831 4.46343
internal_count=10000 9376 4302 5074 624 603
is_linear=0
shrinkage=0.0860649


Tree=56
num_leaves=7
num_cat=0
split_feature=1 0 0 6 3 4
split_gain=5.58584 2.18635 3.48468 1.73756 2.70875e-06 1.74438e-06
threshold=15.060415714025961 10.445468779465912 10.452557681487995 11.058770835376437 0.98296291314453421 0.98296291314453421
decision_type=2 2 2 2 2 2
left_child=1 3 -3 -1 5 -2
right_child=4 2 -4 -5 -6 -7
leaf_value=0.016284922713627061 0.086653168319146767 -0.44907796960739693 -0.044831883048673624 -0.1023797009082725 0.0869785739636455 0.086917983257472242
leaf_weight=9.74688098148909 3.9044381235726169 0.16072671234724012 9.1478102371911501 1.0085879534017284 0.21570758707821358 0.19337636791169632
leaf_count=1048 583 36 8061 231 21 20
internal_value=-0.00217095 -0.0212731 -0.0518118 0.00515722 0.0866813 0.0866657
internal_weight=24.3775 20.064 9.30854 10.7555 4.31352 4.09781
internal_count=10000 9376 8097 1279 624 603
is_linear=0
shrinkage=0.0860649


Tree=57
num_leaves=6
num_cat=0
split_feature=1 0 2 3 6
split_gain=5.25917 3.40761 2.48698 1.54496 1.07112
threshold=14.994633030740774 9.6803065869161404 1.5000000000000002 0.98296291314453421 11.254146759766094
decision_type=2 2 2 2 2
left_child=1 -1 -3 4 -2
right_child=3 2 -4 -5 -6
leaf_value=0.0074851718690666178 0.077706494425197031 -0.08613246978289478 0.087269779492550201 -0.104149567964215 -0.04662139911054352
leaf_weight=8.8140574842691475 6.4393202764913431 7.0012043623428317 0.67140786908566941 0.40973149891942728 0.55773352738469828
leaf_count=37 623 9250 50 22 18
internal_value=-0.00195708 -0.0290212 -0.0709585 0.0582846 0.0677963
internal_weight=23.8935 16.4867 7.67261 7.40679 6.99705
internal_count=10000 9337 9300 663 641
is_linear=0
shrinkage=0.0860649


Tree=58
num_leaves=7
num_cat=0
split_feature=1 6 1 4 3 6
split_gain=4.69371 2.03585 1.68139 0.096495 4.80868e-06 1.47952e-06
threshold=15.060415714025961 10.673776010156823 14.287773922501176 -0.78656609248549303 0.98296291314453421 11.254146759766094
decision_type=2 2 2 2 2 2
left_child=1 3 -3 -1 5 -2
right_child=4 2 -4 -5 -6 -7
leaf_value=0.11634981228137392 0.086567865187947055 -0.040908128608705803 0.019619352586566385 0.060271458007481869 0.086994398524917541 0.08686012697958348
leaf_weight=0.70154181425459683 3.3659664136357605 13.590158476188664 4.5335342310427214 0.33620512951166037 0.21936366334557522 0.13338521681725968
leaf_count=31 588 8642 623 80 21 15
internal_value=-0.00188204 -0.0190547 -0.0257675 0.0981818 0.0866035 0.086579
internal_weight=22.8802 19.1614 18.1237 1.03775 3.71872 3.49935
internal_count=10000 9376 9265 111 624 603
is_linear=0
shrinkage=0.0860649


Tree=59
num_leaves=7
num_cat=0
split_feature=1 3 6 6 3 6
split_gain=4.24351 2.00218 2.29691 0.758964 3.70712e-06 1.1409e-06
threshold=15.060415714025961 0.91597561503675362 10.980253176119545 11.254146759766094 0.98296291314453421 11.254146759766094
decision_type=2 2 2 2 2 2
left_child=1 2 -1 -3 5 -2
right_child=4 3 -4 -5 -6 -7
leaf_value=0.014763446752226204 0.086526163410647464 -0.076443852270345794 -0.053466460959623291 -0.23426576922502335 0.086916979129215338 0.086793998114832238
leaf_weight=11.20311190112262 3.089814352337271 1.9575527475826668 5.4241073321172726 0.25511886904132541 0.20144522003829468 0.12247473513707507
leaf_count=3780 588 1119 4416 61 21 15
internal_value=-0.00173144 -0.0177294 -0.00749441 -0.0946406 0.0865588 0.0865364
internal_weight=22.2536 18.8399 16.6272 2.21267 3.41373 3.21229
internal_count=10000 9376 8196 1180 624 603
is_linear=0
shrinkage=0.0860649


Tree=60
num_leaves=6
num_cat=0
split_feature=1 0 2 3 6
split_gain=3.91183 3.09406 2.43251 1.40479 0.87241
threshold=14.994633030740774 9.6803065869161404 1.5000000000000002 0.98296291314453421 11.254146759766094
decision_type=2 2 2 2 2
left_child=1 -1 -3 4 -2
right_child=3 2 -4 -5 -6
leaf_value=0.0087348802239297276 0.075596886443243944 -0.086124496952125387 0.087268646947918957 -0.099726173452917607 -0.03606228417125739
leaf_weight=8.7141671329736727 5.4856989551335564 6.0586633305501882 0.66508584935218085 0.40913999639451493 0.57238385407254089
leaf_count=37 623 9250 50 22 18
internal_value=-0.00156962 -0.0251097 -0.0689732 0.0546229 0.065047
internal_weight=21.9051 15.4379 6.72375 6.46722 6.05808
internal_count=10000 9337 9300 663 641
is_linear=0
shrinkage=0.0860649


Tree=61
num_leaves=7
num_cat=0
split_feature=1 6 1 3 3 6
split_gain=3.59107 1.72283 2.25046 1.44086 5.37913e-06 1.36292e-06
threshold=15.060415714025961 10.74991829326224 11.975567150779437 -0.5 0.98296291314453421 11.254146759766094
decision_type=2 2 2 2 2 2
left_child=1 3 -3 -1 5 -2
right_child=4 2 -4 -5 -6 -7
leaf_value=0.11842195043579205 0.086457143589714652 -0.070610819227014843 -0.0022337474102424718 -0.010995433521380915 0.086927960267087864 0.086757946358014662
leaf_weight=1.1973711081955118 2.6315791653469205 5.5468823231640263 9.9805003543297044 1.3621056395350084 0.20399060379713763 0.11651314748451103
leaf_count=186 588 4766 4203 221 21 15
internal_value=-0.00151082 -0.0158759 -0.0266602 0.0495484 0.0865015 0.0864699
internal_weight=21.0389 18.0869 15.5274 2.55948 2.95208 2.74809
internal_count=10000 9376 8969 407 624 603
is_linear=0
shrinkage=0.0860649


Tree=62
num_leaves=7
num_cat=0
split_feature=1 3 6 2 3 6
split_gain=3.25195 1.7098 1.95854 0.712261 4.14802e-06 1.05127e-06
threshold=15.060415714025961 0.91597561503675362 10.988843796103305 1.5000000000000002 0.98296291314453421 11.254146759766094
decision_type=2 2 2 2 2 2
left_child=1 2 -1 -3 5 -2
right_child=4 3 -4 -5 -6 -7
leaf_value=0.015040460984402319 0.08642466182547337 -0.10177908723432912 -0.050914744522663653 0.087485389298860489 0.086856126791281255 0.086700375098503063
leaf_weight=10.987398142868193 2.4154330394230783 1.9499609166814473 4.7882660448522065 0.15931670274585474 0.18731648568063963 0.10697273863479484
leaf_count=3967 588 1170 4229 10 21 15
internal_value=-0.00139687 -0.0147088 -0.00497842 -0.0874837 0.0864654 0.0864364
internal_weight=20.5947 17.8849 15.7757 2.10928 2.70972 2.52241
internal_count=10000 9376 8196 1180 624 603
is_linear=0
shrinkage=0.0860649


Tree=63
num_leaves=7
num_cat=0
split_feature=1 0 2 3 1 4
split_gain=3.03015 2.14821 2.19546 1.29512 1.57656 0.877254
threshold=14.287773922501176 9.6803065869161404 1.5000000000000002 0.60355339059327406 15.060415714025961 0.98296291314453421
decision_type=2 2 2 2 2 2
left_child=1 -1 -3 5 -5 -2
right_child=3 2 -4 4 -6 -7
leaf_value=0.0034496806156583872 0.086547869644147693 -0.08611711206369338 0.087213371395394312 -0.066079168553847059 0.086498560589444204 -0.012220376706235599
leaf_weight=7.9040281325578707 3.967413919948739 4.8469842629274353 0.60933402739465226 1.3727756532898641 0.7904736385680734 0.80050551891326893
leaf_count=34 837 8670 48 182 178 51
internal_value=-0.00126891 -0.0252239 -0.0667604 0.0449061 -0.0103257 0.0699653
internal_weight=20.2915 13.3603 5.45632 6.93117 2.16325 4.76792
internal_count=10000 8752 8718 1248 360 888
is_linear=0
shrinkage=0.0860649


Tree=64
num_leaves=6
num_cat=0
split_feature=1 0 2 3 6
split_gain=2.69315 2.61942 2.11161 1.21608 0.720838
threshold=14.994633030740774 9.6803065869161404 1.5000000000000002 0.98296291314453421 11.254146759766094
decision_type=2 2 2 2 2
left_child=1 -1 -3 4 -2
right_child=3 2 -4 -5 -6
leaf_value=0.0084394570121410252 0.072888700916366359 -0.086114862639406139 0.087117396778251713 -0.094783630967809368 -0.029932912779881544
leaf_weight=8.6329430341720599 4.509499422274529 4.8921821266194447 0.58335383422672737 0.39837386971339572 0.56872803345322598
leaf_count=37 623 9250 50 22 18
internal_value=-0.00121028 -0.0210945 -0.067659 0.0500143 0.0613734
internal_weight=19.5851 14.1085 5.47554 5.4766 5.07823
internal_count=10000 9337 9300 663 641
is_linear=0
shrinkage=0.0860649


Tree=65
num_leaves=7
num_cat=0
split_feature=1 6 1 4 3 6
split_gain=2.53563 1.55527 1.39651 0.0878332 4.06647e-06 9.19846e-07
threshold=15.060415714025961 10.673776010156823 11.975567150779437 -0.78656609248549303 0.98296291314453421 11.254146759766094
decision_type=2 2 2 2 2 2
left_child=1 3 -3 -1 5 -2
right_child=4 2 -4 -5 -6 -7
leaf_value=0.11113865355948381 0.086348857271153448 -0.053034421122125537 0.00028238388720399293 0.055391677271329411 0.086796351034897259 0.086625027966615101
leaf_weight=0.65987603494431823 1.9013001709245139 5.7042891177479751 10.05000081831531 0.30662586935796454 0.17340078763663758 0.093737292103469261
leaf_count=31 588 4914 4351 80 21 15
internal_value=-0.00116563 -0.0125211 -0.0190225 0.0934527 0.0863966 0.0863618
internal_weight=18.8892 16.7208 15.7543 0.966502 2.16844 1.99504
internal_count=10000 9376 9265 111 624 603
is_linear=0
shrinkage=0.0860649


Tree=66
num_leaves=7
num_cat=0
split_feature=1 6 6 3 3 6
split_gain=2.30041 1.44117 2.1506 1.68503 3.13688e-06 7.09803e-07
threshold=15.060415714025961 11.014059188423294 11.018712371946899 0.98296291314453421 0.98296291314453421 11.254146759766094
decision_type=2 2 2 2 2 2
left_child=1 3 -3 -1 5 -2
right_child=4 2 -4 -5 -6 -7
leaf_value=0.0096516791589255184 0.086325368889921567 -0.31620445289117471 -0.041060194018082127 -0.14430343822538047 0.08673555697023537 0.086578571875369187
leaf_weight=11.967368185927629 1.7449627493042488 0.2226654673286238 3.8269029140355997 0.55082802492688721 0.15920788189396251 0.08605135092511762
leaf_count=4925 588 111 4131 209 21 15
internal_value=-0.00105769 -0.0115599 -0.056189 0.00287732 0.0863691 0.0863373
internal_weight=18.558 16.5678 4.04957 12.5182 1.99022 1.83101
internal_count=10000 9376 4242 5134 624 603
is_linear=0
shrinkage=0.0860649


Tree=67
num_leaves=8
num_cat=0
split_feature=1 6 4 4 3 1 4
split_gain=2.1192 1.89164 3.73484 3.29974 1.17555 1.168 0.765537
threshold=14.287773922501176 10.869584322314514 -0.9829629131445341 0.91597561503675351 0.60355339059327406 15.060415714025961 0.98296291314453421
decision_type=2 2 2 2 2 2 2
left_child=1 3 -3 -1 6 -6 -2
right_child=4 2 -4 -5 5 -7 -8
leaf_value=-0.013023501334376686 0.084803526933708712 0.14383982171503715 -0.07843193748388981 0.16968773769222065 -0.058186206503828275 0.086410252256689121 -0.0090052844245682457
leaf_weight=5.3705395430879452 3.3293339291994917 0.6239864006929573 5.457033922248228 0.8477184856601524 1.3640734671498647 0.59396864450536657 0.7990048108040354
leaf_count=1539 837 289 6718 206 182 178 51
internal_value=-0.000938162 -0.0214929 -0.0556242 0.011885 0.0405986 -0.0143231 0.0666476
internal_weight=18.3857 12.2993 6.08102 6.21826 6.08638 1.95804 4.12834
internal_count=10000 8752 7007 1745 1248 360 888
is_linear=0
shrinkage=0.0860649


Tree=68
num_leaves=7
num_cat=0
split_feature=1 6 6 4 3 6
split_gain=1.9105 1.29106 1.37506 0.0856295 1.83699e-06 4.53728e-07
threshold=15.060415714025961 10.673776010156823 10.701765409156257 -0.78656609248549303 0.98296291314453421 11.254146759766094
decision_type=2 2 2 2 2 2
left_child=1 3 -3 -1 5 -2
right_child=4 2 -4 -5 -6 -7
leaf_value=0.10583930643063845 0.086286718841042387 -0.15023452573242924 -0.010974418842688825 0.050545276864275387 0.086628956272757157 0.086506104840193582
leaf_weight=0.63586388132534921 1.4785043071024109 0.54447877162601699 14.830322337831602 0.30790912752855248 0.13422598456963886 0.073289385996758827
leaf_count=31 588 76 9189 80 21 15
internal_value=-0.000896872 -0.0099084 -0.0159061 0.0877994 0.0863235 0.0862971
internal_weight=18.0046 16.3186 15.3748 0.943773 1.68602 1.55179
internal_count=10000 9376 9265 111 624 603
is_linear=0
shrinkage=0.0860649


Tree=69
num_leaves=7
num_cat=0
split_feature=1 0 2 5 5 3
split_gain=1.76678 2.21907 2.12481 1.17805 2.59272 0.00667725
threshold=14.994633030740774 9.6803065869161404 1.5000000000000002 2.0992112643532503 2.1022331162230987 0.91597561503675362
decision_type=2 2 2 2 2 2
left_child=1 -1 -3 5 -5 -2
right_child=3 2 -4 4 -6 -7
leaf_value=0.0095464361572340437 0.089798527751641044 -0.086109778167694412 0.087172264647895667 -0.28193567943963688 0.031710460360136944 0.10371628732626303
leaf_weight=8.4652794152498263 1.8483178762253367 4.1234290391148525 0.600494626443833 0.21380244218744371 2.2463612360879779 0.29626291757449497
leaf_count=37 303 9250 50 4 323 33
internal_value=-0.000800818 -0.016825 -0.0640826 0.0450966 0.0044528 0.0917212
internal_weight=17.7939 13.1892 4.72392 4.60474 2.46016 2.14458
internal_count=10000 9337 9300 663 327 336
is_linear=0
shrinkage=0.0860649


Tree=70
num_leaves=7
num_cat=0
split_feature=1 3 1 5 3 6
split_gain=1.63019 1.27192 1.31462 0.676733 1.19349e-06 2.72771e-07
threshold=15.060415714025961 0.91597561503675362 10.338717088054285 2.4591019073783151 0.98296291314453421 11.254146759766094
decision_type=2 2 2 2 2 2
left_child=1 2 -1 -3 5 -2
right_child=4 3 -4 -5 -6 -7
leaf_value=-0.059562688820674461 0.086257167408451213 -0.092065270080167003 0.011885555912479483 0.086275926023199348 0.086553187007270119 0.086440852907668356
leaf_weight=2.2824010759140974 1.2795057196635742 1.6947698221629242 11.613883000529311 0.17376265599159513 0.11628098832443345 0.062822749838232883
leaf_count=1784 588 1109 6412 71 21 15
internal_value=-0.000759716 -0.0088137 0.000150509 -0.0754806 0.0862887 0.0862658
internal_weight=17.2234 15.7648 13.8963 1.86853 1.45861 1.34233
internal_count=10000 9376 8196 1180 624 603
is_linear=0
shrinkage=0.0860649


Tree=71
num_leaves=7
num_cat=0
split_feature=1 6 6 1 3 6
split_gain=1.48313 1.12273 1.59443 1.05799 9.21063e-07 2.1056e-07
threshold=15.060415714025961 10.988843796103305 10.973816398359814 14.878849310230231 0.98296291314453421 11.254146759766094
decision_type=2 2 2 2 2 2
left_child=1 2 -1 -3 5 -2
right_child=4 3 -4 -5 -6 -7
leaf_value=-0.0021155919385753173 0.086241279943401458 -0.077305552025778337 0.12918143710706162 0.0085940668184824043 0.086512708841278443 0.086409733194604682
leaf_weight=10.464787709308439 1.1741976556368161 2.7755391861282979 0.73308186247595664 1.7203784298617391 0.10673958016559471 0.05766190425492812
leaf_count=4155 588 4801 359 61 21 15
internal_value=-0.000689099 -0.00810628 0.00647992 -0.0444358 0.0862702 0.0862492
internal_weight=17.0324 15.6938 11.1979 4.49592 1.3386 1.23186
internal_count=10000 9376 4514 4862 624 603
is_linear=0
shrinkage=0.0860649


Tree=72
num_leaves=7
num_cat=0
split_feature=1 6 6 1 3 6
split_gain=1.35098 1.10968 1.19841 0.0736483 7.10877e-07 1.62539e-07
threshold=15.060415714025961 10.673776010156823 10.701765409156257 11.576215843464665 0.98296291314453421 11.254146759766094
decision_type=2 2 2 2 2 2
left_child=1 3 -3 -1 5 -2
right_child=4 2 -4 -5 -6 -7
leaf_value=0.10138730701839527 0.08622671040948314 -0.14117713575246324 -0.0084718167854041532 0.048271409088556004 0.08647560534920988 0.086381197680973312
leaf_weight=0.62566673062974842 1.0775411499198515 0.52267607125395343 14.152192455818293 0.27984432643279433 0.097977451048791298 0.052923510782420524
leaf_count=41 588 76 9189 70 21 15
internal_value=-0.000641595 -0.00749286 -0.0131984 0.0849721 0.0862532 0.0862339
internal_weight=16.8088 15.5804 14.6749 0.905511 1.22844 1.13046
internal_count=10000 9376 9265 111 624 603
is_linear=0
shrinkage=0.0860649


Tree=73
num_leaves=8
num_cat=0
split_feature=1 6 4 4 3 6 4
split_gain=1.26537 1.55486 3.0425 2.63867 1.12935 0.749068 0.667576
threshold=14.287773922501176 10.869584322314514 -0.9829629131445341 0.91597561503675351 0.60355339059327406 10.818530354135868 0.98296291314453421
decision_type=2 2 2 2 2 2 2
left_child=1 3 -3 -1 6 -6 -2
right_child=4 2 -4 -5 5 -7 -8
leaf_value=-0.0097601179804165175 0.083138484535533325 0.12770475502778911 -0.073069779968176762 0.15229662772665195 -0.15066787048479482 0.0028006726313086179 -0.0074519276136136249
leaf_weight=5.151347975763203 2.6970409041969101 0.63240533741191107 4.8211016610002835 0.86989979239297088 0.28269875259138633 1.4133419104182392 0.77588316571200255
leaf_count=1539 837 289 6718 206 33 327 51
internal_value=-0.000570778 -0.016498 -0.0497874 0.0136525 0.0347866 -0.0227797 0.0628998
internal_weight=16.6437 11.4748 5.45351 6.02125 5.16896 1.69604 3.47292
internal_count=10000 8752 7007 1745 1248 360 888
is_linear=0
shrinkage=0.0860649


Tree=74
num_leaves=7
num_cat=0
split_feature=1 6 6 3 3 4
split_gain=1.1691 1.06107 1.56084 1.1869 5.71572e-07 1.27012e-07
threshold=15.060415714025961 10.74991829326224 10.803977449061007 -0.5 0.98296291314453421 0.98296291314453421
decision_type=2 2 2 2 2 2
left_child=1 3 -3 -1 5 -2
right_child=4 2 -4 -5 -6 -7
leaf_value=0.11132503281062323 0.08620566929493953 -0.10998436654037083 -0.0067238866267997762 -0.011979510169139561 0.086440531923081973 0.086334379531481695
leaf_weight=1.108467791869771 0.92415041034109779 1.1940690560732026 11.792626340160494 1.2088371931749886 0.089682212565094233 0.060507954098284245
leaf_count=186 583 460 8509 221 21 20
internal_value=-0.000553119 -0.00664547 -0.0162182 0.0470024 0.0862325 0.0862136
internal_weight=16.3783 15.304 12.9867 2.3173 1.07434 0.984658
internal_count=10000 9376 8969 407 624 603
is_linear=0
shrinkage=0.0860649


Tree=75
num_leaves=7
num_cat=0
split_feature=1 3 6 2 3 4
split_gain=1.0657 0.955801 1.38835 0.198933 4.41206e-07 9.80606e-08
threshold=15.060415714025961 0.98296291314453421 10.839704491429879 1.5000000000000002 0.98296291314453421 0.98296291314453421
decision_type=2 2 2 2 2 2
left_child=1 2 -1 -3 5 -2
right_child=4 3 -4 -5 -6 -7
leaf_value=0.034050999725265887 0.086194044793178562 -0.13160338178315725 -0.021394639114463009 0.08755271069990736 0.086409432317016074 0.086312097323185566
leaf_weight=5.1485726238461202 0.84804939024616111 0.50895963590301185 9.5501389702476427 0.032647688873112202 0.082314862404018641 0.055531852878630161
leaf_count=1309 583 394 7671 2 21 20
internal_value=-0.000500886 -0.00611077 -0.00197349 -0.118393 0.0862187 0.0862013
internal_weight=16.2262 15.2403 14.6987 0.541607 0.985896 0.903581
internal_count=10000 9376 8980 396 624 603
is_linear=0
shrinkage=0.0860649


Tree=76
num_leaves=7
num_cat=0
split_feature=1 6 4 4 1 1
split_gain=1.05504 1.62365 3.08009 2.13323 0.959287 0.768502
threshold=13.780405696737931 10.869584322314514 -0.9829629131445341 0.91597561503675351 13.801747912953587 14.287773922501176
decision_type=2 2 2 2 2 2
left_child=1 3 -3 -1 -2 -6
right_child=4 2 -4 -5 5 -7
leaf_value=-0.0084742332055599678 0.19180551885393454 0.12138942632955557 -0.083456443062378316 0.1367131598488987 -0.082126460814589616 0.032036220667319648
leaf_weight=5.0184569969642343 0.25774652439576939 0.63089054840384129 3.934203726683335 0.88123396786977526 0.47966552965954168 4.8835775610496057
leaf_count=1434 39 260 6244 190 585 1248
internal_value=-0.000454262 -0.0166083 -0.055147 0.0132123 0.0296203 0.021826
internal_weight=16.0858 10.4648 4.56509 5.89969 5.62099 5.36324
internal_count=10000 8128 6504 1624 1872 1833
is_linear=0
shrinkage=0.0860649


Tree=77
num_leaves=7
num_cat=0
split_feature=1 3 6 2 3 4
split_gain=0.94074 0.858103 1.03676 0.186601 3.09435e-07 6.87823e-08
threshold=15.060415714025961 0.98296291314453421 10.839704491429879 1.5000000000000002 0.98296291314453421 0.98296291314453421
decision_type=2 2 2 2 2 2
left_child=1 2 -1 -3 5 -2
right_child=4 3 -4 -5 -6 -7
leaf_value=0.029321378375563895 0.086179650073536909 -0.1285857025416253 -0.018796530369945483 0.087518617272084098 0.086370953024456257 0.086284514721908498
leaf_weight=5.1488779012142887 0.75373641506303179 0.47878756302816405 9.3214670756497053 0.031546563841402531 0.073185468558222055 0.049365302314981818
leaf_count=1309 583 394 7671 2 21 20
internal_value=-0.000473361 -0.00554336 -0.00167508 -0.115227 0.0862015 0.0861861
internal_weight=15.857 14.9807 14.4703 0.510334 0.876287 0.803102
internal_count=10000 9376 8980 396 624 603
is_linear=0
shrinkage=0.0860649


Tree=78
num_leaves=7
num_cat=0
split_feature=1 0 2 5 5 3
split_gain=0.910232 1.59678 2.30273 1.14223 1.87787 0.00645739
threshold=14.994633030740774 9.6803065869161404 1.5000000000000002 2.0992112643532503 2.1022331162230987 0.91597561503675362
decision_type=2 2 2 2 2 2
left_child=1 -1 -3 5 -5 -2
right_child=3 2 -4 4 -6 -7
leaf_value=0.010152039887631865 0.089845971137475111 -0.086107729372001299 0.0873955638743181 -0.23440177029926393 0.024495594211277175 0.10531125386577427
leaf_weight=8.1101823002099973 1.352692942833529 3.3046595424311813 0.68385458784177888 0.23435807658825103 1.8122458936413748 0.23467831464949984
leaf_count=37 303 9250 50 4 323 33
internal_value=-0.000429019 -0.0117745 -0.0563596 0.0373438 -0.00515093 0.0921324
internal_weight=15.7327 12.0987 3.98851 3.63398 2.0466 1.58737
internal_count=10000 9337 9300 663 327 336
is_linear=0
shrinkage=0.0860649


Tree=79
num_leaves=8
num_cat=0
split_feature=1 1 1 6 3 1 3
split_gain=0.839825 1.38588 1.84939 0.915478 1.42398 0.988869 0.815865
threshold=13.780405696737931 12.561291233186351 11.917495340815943 10.992142288518034 0.98296291314453421 14.878849310230231 -0.37940952255126059
decision_type=2 2 2 2 2 2 2
left_child=1 2 -1 4 -2 -5 -3
right_child=3 6 -4 5 -6 -7 -8
leaf_value=-0.025564885964604864 0.087192971105648359 -0.0022950882903436426 0.065870087605396491 -0.097375542990730368 -0.1186489157421555 0.022548493252887047 -0.11086416002285134
leaf_weight=5.3648223758209479 2.2627677550772218 0.77688079307699842 2.3590462509528152 0.67757412439095821 0.27970879924760073 2.0508430418994976 1.5076517426641656
leaf_count=4852 878 768 1209 583 33 378 1299
internal_value=-0.000413204 -0.0150562 0.00236145 0.0273909 0.0645474 -0.0072334 -0.073944
internal_weight=15.2793 10.0084 7.72387 5.27089 2.54248 2.72842 2.28453
internal_count=10000 8128 6061 1872 911 961 2067
is_linear=0
shrinkage=0.0860649


Tree=80
num_leaves=7
num_cat=0
split_feature=5 3 1 5 0 1
split_gain=0.798351 0.908629 1.33132 0.759228 0.234187 0.359347
threshold=2.4591019073783151 0.91597561503675362 10.574605992482917 1.9084436992829816 9.6803065869161404 14.994633030740774
decision_type=2 2 2 2 2 2
left_child=1 2 -1 -3 -2 -6
right_child=4 3 -4 -5 5 -7
leaf_value=-0.056543256446829351 0.15231048476654604 0.049023925503043173 0.015760610625861149 -0.097012812983795327 -0.055532927887674589 0.0954989834193474
leaf_weight=2.3074212569408692 0.2472306912532084 0.33357089974015153 10.335416181471372 1.2587965066923059 0.16391565281810472 0.405002934159711
leaf_count=1936 2 552 6386 619 432 73
internal_value=-0.000406116 -0.00515223 0.00256456 -0.0664209 0.0823752 0.051984
internal_weight=15.0514 14.2352 12.6428 1.59237 0.816149 0.568919
internal_count=10000 9493 8322 1171 507 505
is_linear=0
shrinkage=0.0860649


Tree=81
num_leaves=7
num_cat=0
split_feature=1 6 6 4 3 4
split_gain=0.765223 0.822255 1.0974 0.102973 3.4585e-07 3.70138e-08
threshold=15.060415714025961 10.673776010156823 10.701765409156257 -0.78656609248549303 0.98296291314453421 0.98296291314453421
decision_type=2 2 2 2 2 2
left_child=1 3 -3 -1 5 -2
right_child=4 2 -4 -5 -6 -7
leaf_value=0.097827351045565253 0.086158546985900419 -0.13416203792362949 -0.0051062701397866566 0.034417755232366912 0.086364489613724588 0.086243776020391835
leaf_weight=0.5749603143776767 0.60923989809816781 0.50731395492039055 12.852088522024131 0.28310404135845502 0.070531207136809826 0.040236075292341411
leaf_count=31 583 76 9189 80 21 20
internal_value=-0.000377917 -0.0047616 -0.0100071 0.0769064 0.0861835 0.0861638
internal_weight=14.9375 14.2175 13.3594 0.858064 0.720007 0.649476
internal_count=10000 9376 9265 111 624 603
is_linear=0
shrinkage=0.0860649


Tree=82
num_leaves=6
num_cat=0
split_feature=2 1 0 6 1
split_gain=0.708451 0.817692 1.92408 0.862847 5.10689e-06
threshold=1.5000000000000002 13.780405696737931 9.6803065869161404 10.992142288518034 11.824825222069764
decision_type=2 2 2 2 2
left_child=1 2 -1 -3 -2
right_child=4 3 -4 -5 -6
leaf_value=0.0037018287216102736 0.087556495127540504 0.060633369568192048 -0.086100562821740015 -0.01120203450144055 0.087073304373241456
leaf_weight=6.8290229588747007 0.35373877547681409 2.4162682358437442 2.3842812619805045 2.5410219505356508 0.298945581773296
leaf_count=32 22 909 8052 954 31
internal_value=-0.000334873 -0.00437287 -0.0195378 0.0238118 0.0873352
internal_weight=14.8233 14.1706 9.2133 4.95729 0.652684
internal_count=10000 9947 8084 1863 53
is_linear=0
shrinkage=0.0860649


Tree=83
num_leaves=7
num_cat=0
split_feature=5 3 1 5 0 1
split_gain=0.719443 0.84212 1.09402 0.647999 0.181741 0.312794
threshold=2.4591019073783151 0.91597561503675362 10.574605992482917 1.9084436992829816 9.6803065869161404 14.994633030740774
decision_type=2 2 2 2 2 2
left_child=1 2 -1 -3 -2 -6
right_child=4 3 -4 -5 5 -7
leaf_value=-0.052436818347836853 0.14310284945413196 0.045668395270554489 0.014662410436777991 -0.093524783806239298 -0.053107514431685404 0.09508723578977496
leaf_weight=2.1913145457619967 0.24087024462642226 0.31123257736180576 10.075781951032694 1.2143134711113814 0.14797494764934527 0.36752208764664829
leaf_count=1936 2 552 6386 619 432 73
internal_value=-0.000341462 -0.00482324 0.00267624 -0.0651274 0.0813855 0.0525475
internal_weight=14.549 13.7926 12.2671 1.52555 0.756367 0.515497
internal_count=10000 9493 8322 1171 507 505
is_linear=0
shrinkage=0.0860649


Tree=84
num_leaves=7
num_cat=0
split_feature=1 6 6 1 3 6
split_gain=0.676068 0.730197 0.94742 0.092708 3.13052e-07 2.69328e-08
threshold=15.060415714025961 10.673776010156823 10.701765409156257 11.576215843464665 0.98296291314453421 11.254146759766094
decision_type=2 2 2 2 2 2
left_child=1 3 -3 -1 5 -2
right_child=4 2 -4 -5 -6 -7
leaf_value=0.09387850943978189 0.086148957616551544 -0.12776260368077907 -0.0047503627323133421 0.031890731772651976 0.086350729749744851 0.086235128753145304
leaf_weight=0.5629201204283153 0.545218317187392 0.48163858100451662 12.497259633481006 0.26184201185242273 0.066303406842052937 0.028258973266929388
leaf_count=41 588 76 9189 70 21 15
internal_value=-0.00031663 -0.00432534 -0.00931527 0.0741989 0.0861737 0.0861532
internal_weight=14.4434 13.8037 12.9789 0.824762 0.639781 0.573477
internal_count=10000 9376 9265 111 624 603
is_linear=0
shrinkage=0.0860649


Tree=85
num_leaves=6
num_cat=0
split_feature=2 3 1 5 1
split_gain=0.659782 0.768767 1.13448 0.521576 4.41695e-06
threshold=1.5000000000000002 0.91597561503675362 14.994633030740774 2.3412213762348393 11.824825222069764
decision_type=2 2 2 2 2
left_child=1 2 -1 -3 -2
right_child=4 3 -4 -5 -6
leaf_value=-0.0095255354559401796 0.087477764225568966 -0.081331109375612304 0.058126734148252902 0.07920634915427055 0.087012878488835252
leaf_weight=10.003566762301487 0.33272204827517349 1.3049627748150658 2.2487866132869376 0.16936043927125854 0.27776442194590345
leaf_count=8121 22 1100 585 141 31
internal_value=-0.000280355 -0.00417394 0.00289131 -0.0628896 0.0872662
internal_weight=14.3372 13.7267 12.2524 1.47432 0.610486
internal_count=10000 9947 8706 1241 53
is_linear=0
shrinkage=0.0860649


Tree=86
num_leaves=7
num_cat=0
split_feature=5 4 6 1 0 1
split_gain=0.60836 0.682663 1.59086 1.12646 0.15902 0.28189
threshold=2.4591019073783151 -0.9159756150367534 10.85857375384284 10.574605992482917 9.6803065869161404 14.994633030740774
decision_type=2 2 2 2 2 2
left_child=1 2 -1 -3 -2 -6
right_child=4 3 -4 -5 5 -7
leaf_value=-0.053185143713070537 0.13625381825674979 -0.086642775402559949 0.10802291191479242 -0.0024367342154454474 -0.052392377276442297 0.093917419719960052
leaf_weight=0.75486433249898155 0.23357960081193674 1.3301537536026433 1.1355079653003484 10.203343343040613 0.14073881141666789 0.31778337457217276
leaf_count=212 2 1931 987 6363 432 73
internal_value=-0.000233769 -0.0042907 0.0436492 -0.0121482 0.0784536 0.0490091
internal_weight=14.116 13.4239 1.89037 11.5335 0.692102 0.458522
internal_count=10000 9493 1199 8294 507 505
is_linear=0
shrinkage=0.0860649


Tree=87
num_leaves=6
num_cat=0
split_feature=2 6 1 6 1
split_gain=0.619885 0.837308 1.5829 1.03563 4.62815e-06
threshold=1.5000000000000002 10.988843796103305 14.994633030740774 10.972360143487792 11.824825222069764
decision_type=2 2 2 2 2
left_child=1 3 -3 -1 -2
right_child=4 2 -4 -5 -6
leaf_value=0.00082407425969483936 0.087432063785475106 -0.098498726718297167 0.016720146771287896 0.10525049832611533 0.086941208562122327
leaf_weight=9.1729432470638095 0.31920922920107919 1.7379555234911088 1.7957836795831097 0.76188463002472495 0.25670549587812275
leaf_count=4362 22 4815 342 428 31
internal_value=-0.000226801 -0.00396573 -0.0399465 0.00883235 0.0872133
internal_weight=14.0445 13.4686 3.53374 9.93483 0.575915
internal_count=10000 9947 5157 4790 53
is_linear=0
shrinkage=0.0860649


Tree=88
num_leaves=7
num_cat=0
split_feature=6 6 6 4 4 1
split_gain=0.607141 0.830546 1.18895 0.0947471 0.235571 0.00131265
threshold=10.673776010156823 10.701765409156257 10.74991829326224 -0.78656609248549303 0.78656609248549303 10.251399904970796
decision_type=2 2 2 2 2 2
left_child=3 5 -3 -1 -5 -2
right_child=1 2 -4 4 -6 -7
leaf_value=0.092862007091248588 -0.12411475395681124 0.09736075438579754 -0.0077608886986402477 -0.078131363025440825 0.089290383238592189 -0.11483671413900969
leaf_weight=0.5392167178215459 0.21674619761324621 0.85507186713220917 11.724091418676833 0.095782543285168553 0.17782375449314713 0.23586548603634583
leaf_count=33 14 240 9560 76 11 66
internal_value=-0.000235418 -0.0047366 -0.000615218 0.0719309 0.0306803 -0.11928
internal_weight=13.8446 13.0318 12.5792 0.812823 0.273606 0.452612
internal_count=10000 9880 9800 120 87 80
is_linear=0
shrinkage=0.0860649


Tree=89
num_leaves=7
num_cat=0
split_feature=1 0 0 4 3 6
split_gain=0.580269 0.776348 1.19848 0.654058 3.03678e-07 1.69385e-08
threshold=15.060415714025961 10.445468779465912 10.452557681487995 -0.9159756150367534 0.98296291314453421 11.254146759766094
decision_type=2 2 2 2 2 2
left_child=1 3 -3 -1 5 -2
right_child=4 2 -4 -5 -6 -7
leaf_value=0.065347418383117375 0.08613788864878022 -0.21905550592425652 -0.022078887972303556 0.00097077278862214974 0.086341746549001119 0.086212100574864406
leaf_weight=1.3942536029935579 0.46558501513209272 0.24153173009471984 4.3402518032671651 7.2354590427858039 0.063370800577104092 0.023953360039740801
leaf_count=154 588 36 8061 1125 21 15
internal_value=-0.000215106 -0.00383014 -0.0324626 0.0113717 0.0861645 0.0861415
internal_weight=13.7644 13.2115 4.58178 8.62971 0.552909 0.489538
internal_count=10000 9376 8097 1279 624 603
is_linear=0
shrinkage=0.0860649


Tree=90
num_leaves=6
num_cat=0
split_feature=2 0 1 6 1
split_gain=0.5819 0.676051 1.6437 0.687381 3.93008e-06
threshold=1.5000000000000002 10.445468779465912 14.994633030740774 11.056977844583443 11.824825222069764
decision_type=2 2 2 2 2
left_child=1 3 -3 -1 -2
right_child=4 2 -4 -5 -6
leaf_value=0.017044071001808589 0.087354386301435813 -0.086099475890164673 0.017705386149896172 -0.077832099708157021 0.08688834544644275
leaf_weight=8.0265406280741409 0.30155804194510061 2.1157534853391544 2.4248952019843273 0.60851656361774153 0.24126424788846634
leaf_count=1111 22 8025 570 241 31
internal_value=-0.000181017 -0.00377883 -0.0306634 0.0103581 0.0871472
internal_weight=13.7185 13.1757 4.54065 8.63506 0.542822
internal_count=10000 9947 8595 1352 53
is_linear=0
shrinkage=0.0860649


Tree=91
num_leaves=6
num_cat=0
split_feature=2 3 1 5 1
split_gain=0.532267 0.694494 0.956485 0.495552 3.02642e-06
threshold=1.5000000000000002 0.91597561503675362 14.994633030740774 1.7799222094356415 11.824825222069764
decision_type=2 2 2 2 2
left_child=1 2 -1 -3 -2
right_child=4 3 -4 -5 -6
leaf_value=-0.008197552782036939 0.087246679185836951 0.061800130074022928 0.056354745254990173 -0.082350679474242294 0.086819930985577345
leaf_weight=9.5024075452092784 0.27701660944148976 0.20749971720215299 2.070734936365624 1.1880611845263045 0.22153513017110527
leaf_count=8121 22 341 585 900 31
internal_value=-0.000208835 -0.00356357 0.00335253 -0.0609175 0.0870571
internal_weight=13.4673 12.9687 11.5731 1.39556 0.498552
internal_count=10000 9947 8706 1241 53
is_linear=0
shrinkage=0.0860649


Tree=92
num_leaves=7
num_cat=0
split_feature=6 1 1 4 1 5
split_gain=0.52789 0.786898 1.57385 1.17933 0.0775667 0.178326
threshold=10.673776010156823 11.975567150779437 12.060263162506866 0.98296291314453421 11.576215843464665 2.0539595823693171
decision_type=2 2 2 2 2 2
left_child=4 3 -3 -2 -1 -6
right_child=1 2 -4 -5 5 -7
leaf_value=0.088972463258033707 -0.047846660606998569 0.15183194992776855 0.00091478254367259202 0.1300911203893379 -0.077803595104685486 0.079090821711959691
leaf_weight=0.50668422853050366 3.8450471889027531 0.54761741068796066 7.8357090599547519 0.29722595178827749 0.077766410948242992 0.17310748941963539
leaf_count=41 4713 154 4812 201 59 20
internal_value=-0.000170951 -0.0043904 0.010773 -0.0350789 0.0695942 0.0304564
internal_weight=13.2832 12.5256 8.38333 4.14227 0.757558 0.250874
internal_count=10000 9880 4966 4914 120 79
is_linear=0
shrinkage=0.0860649


Tree=93
num_leaves=7
num_cat=0
split_feature=5 3 1 5 0 1
split_gain=0.542286 0.574374 0.719994 0.556458 0.110187 0.235938
threshold=2.4591019073783151 0.91597561503675362 11.917495340815943 1.9084436992829816 9.6803065869161404 14.994633030740774
decision_type=2 2 2 2 2 2
left_child=1 2 -1 -3 -2 -6
right_child=4 3 -4 -5 5 -7
leaf_value=-0.026855392006061494 0.12734013824266135 0.050996028627019567 0.018635469892445397 -0.085004420866510971 -0.051634167995081193 0.093749606786083392
leaf_weight=4.0128262757207249 0.21972872619517225 0.28092293012014025 7.203002990630921 1.0779182863443564 0.11653397358895745 0.2846455259132199
leaf_count=4046 2 552 4276 619 432 73
internal_value=-0.000165812 -0.00404277 0.00235964 -0.0568881 0.0783506 0.0515188
internal_weight=13.1956 12.5747 11.2158 1.35884 0.620908 0.401179
internal_count=10000 9493 8322 1171 507 505
is_linear=0
shrinkage=0.0860649


Tree=94
num_leaves=6
num_cat=0
split_feature=2 6 1 1 1
split_gain=0.510026 0.655886 1.3538 0.900888 3.53906e-06
threshold=1.5000000000000002 10.988843796103305 14.994633030740774 13.780405696737931 11.824825222069764
decision_type=2 2 2 2 2
left_child=1 3 -3 -1 -2
right_child=4 2 -4 -5 -6
leaf_value=-0.0064444345942196351 0.087247891620635037 -0.097980596531182435 0.015118074190649511 0.0571076721057001 0.086774716291716458
leaf_weight=7.3419037370895222 0.2746235425584026 1.4652537015754199 1.6860497239395043 2.1319756081757077 0.20410001897835173
leaf_count=3896 22 4815 342 894 31
internal_value=-0.00015017 -0.00345649 -0.0374691 0.00785716 0.0870462
internal_weight=13.1039 12.6252 3.1513 9.47388 0.478724
internal_count=10000 9947 5157 4790 53
is_linear=0
shrinkage=0.0860649


Tree=95
num_leaves=7
num_cat=0
split_feature=1 0 0 4 3 3
split_gain=0.486802 0.693707 1.0578 0.589791 3.43447e-07 1.53842e-08
threshold=15.060415714025961 10.445468779465912 10.452557681487995 -0.9159756150367534 0.98296291314453421 0.91597561503675362
decision_type=2 2 2 2 2 2
left_child=1 3 -3 -1 5 -2
right_child=4 2 -4 -5 -6 -7
leaf_value=0.062380026618758085 0.086123707887699102 -0.20575000375781796 -0.021462043858638542 0.00064635902365552697 0.086346895617747985 0.086172214711301889
leaf_weight=1.3703810698498271 0.34741976411896835 0.24558588939180381 3.8078798438036756 7.0110616613237635 0.06275452917907387 0.056275888811796904
leaf_count=154 553 36 8061 1125 21 50
internal_value=-0.000158817 -0.00339674 -0.0326274 0.0107399 0.0861596 0.0861305
internal_weight=12.9014 12.4349 4.05347 8.38144 0.46645 0.403696
internal_count=10000 9376 8097 1279 624 603
is_linear=0
shrinkage=0.0860649


Tree=96
num_leaves=7
num_cat=0
split_feature=5 3 1 5 0 1
split_gain=0.485027 0.534579 0.677164 0.480709 0.0922086 0.208294
threshold=2.4591019073783151 0.91597561503675362 10.574605992482917 1.9084436992829816 9.6803065869161404 14.994633030740774
decision_type=2 2 2 2 2 2
left_child=1 2 -1 -3 -2 -6
right_child=4 3 -4 -5 5 -7
leaf_value=-0.044450795396012259 0.12263261318327041 0.04754966273014772 0.012177546218231292 -0.082272269704211726 -0.049480362606358845 0.093133937225667998
leaf_weight=1.8890198028038856 0.2097935897472788 0.26524291743044059 9.0950885680122138 1.0382660552550076 0.10765427242949954 0.25683988301898353
leaf_count=1936 2 552 6386 619 432 73
internal_value=-0.000132142 -0.0037453 0.00243874 -0.0558556 0.0771761 0.0510124
internal_weight=12.8619 12.2876 10.9841 1.30351 0.574288 0.364494
internal_count=10000 9493 8322 1171 507 505
is_linear=0
shrinkage=0.0860649


Tree=97
num_leaves=7
num_cat=0
split_feature=2 0 1 5 1 3
split_gain=0.483768 0.601875 1.35867 0.552715 3.45295e-06 2.58424e-07
threshold=1.5000000000000002 10.445468779465912 14.994633030740774 1.5763013877721026 10.821123352895553 0.37940952255126054
decision_type=2 2 2 2 2 2
left_child=1 3 -3 -1 -2 -6
right_child=4 2 -4 -5 5 -7
leaf_value=0.11762846978979706 0.087330124395620018 -0.086097266317302537 0.014818498488483553 0.0052638457621669819 0.086754482153028584 0.08691746310356524
leaf_weight=0.33797086431877499 0.16665572626516301 1.8044833301546526 2.1845763880119193 7.9933448365009099 0.14055157711845823 0.14788622569176368
leaf_count=114 13 8025 570 1238 22 18
internal_value=-0.000121856 -0.00334066 -0.0308316 0.00982207 0.0870182 0.086838
internal_weight=12.7755 12.3204 3.98906 8.33132 0.455094 0.288438
internal_count=10000 9947 8595 1352 53 40
is_linear=0
shrinkage=0.0860649


Tree=98
num_leaves=7
num_cat=0
split_feature=6 6 6 1 5 2
split_gain=0.476153 0.717255 0.978429 0.0740414 0.15807 0.000626955
threshold=10.673776010156823 10.701765409156257 10.74991829326224 11.576215843464665 2.0539595823693171 1.0000000180025095e-35
decision_type=2 2 2 2 2 2
left_child=3 5 -3 -1 -5 -2
right_child=1 2 -4 4 -6 -7
leaf_value=0.087039392393901779 -0.11166605971673051 0.09221243669873648 -0.0070770792216761887 -0.078078552946471605 0.075048283856472636 -0.11832911984761324
leaf_weight=0.48477244233072347 0.21559787079240678 0.78968086423992545 10.645632951627702 0.071956494852202013 0.16315699796541594 0.20317970724863699
leaf_count=41 72 240 9560 59 20 8
internal_value=-0.000144579 -0.00427183 -0.000220509 0.0678173 0.0281838 -0.114899
internal_weight=12.574 11.8541 11.4353 0.719886 0.235113 0.418778
internal_count=10000 9880 9800 120 79 80
is_linear=0
shrinkage=0.0860649


Tree=99
num_leaves=7
num_cat=0
split_feature=2 6 1 3 1 3
split_gain=0.445805 0.515765 1.07912 0.967271 2.71723e-06 2.03462e-07
threshold=1.5000000000000002 10.931331836110784 14.994633030740774 0.50000000000000022 10.821123352895553 0.37940952255126054
decision_type=2 2 2 2 2 2
left_child=1 3 -3 -1 -2 -6
right_child=4 2 -4 -5 5 -7
leaf_value=0.028854113879278651 0.087232783305886227 -0.060625986203140678 0.024522423333972778 -0.041842825631516055 0.086701752290175876 0.086852148468073945
leaf_weight=5.5830814860637457 0.1541475625708707 2.7088231303041539 1.8591264923452397 1.9287219440593615 0.12994536219048314 0.1367435960273724
leaf_count=2255 13 6201 444 1047 22 18
internal_value=-0.000132266 -0.00316588 -0.0259711 0.010702 0.0869451 0.0867789
internal_weight=12.5006 12.0798 4.56795 7.5118 0.420837 0.266689
internal_count=10000 9947 6645 3302 53 40
is_linear=0
shrinkage=0.0860649


end of trees

feature_importances:
Column_1=203
Column_0=86
Column_3=84
Column_2=71
Column_6=68
Column_4=33
Column_5=20

parameters:
[boosting: gbdt]
[objective: binary]
[metric: auc]
[tree_learner: serial]
[device_type: cpu]
[data_sample_strategy: bagging]
[data: ]
[valid: ]
[num_iterations: 100]
[learning_rate: 0.0860649]
[num_leaves: 22]
[num_threads: 0]
[seed: 0]
[deterministic: 0]
[force_col_wise: 0]
[force_row_wise: 0]
[histogram_pool_size: -1]
[max_depth: 3]
[min_data_in_leaf: 20]
[min_sum_hessian_in_leaf: 0.001]
[bagging_fraction: 1]
[pos_bagging_fraction: 1]
[neg_bagging_fraction: 1]
[bagging_freq: 0]
[bagging_seed: 3]
[bagging_by_query: 0]
[feature_fraction: 1]
[feature_fraction_bynode: 1]
[feature_fraction_seed: 2]
[extra_trees: 0]
[extra_seed: 6]
[early_stopping_round: 0]
[early_stopping_min_delta: 0]
[first_metric_only: 0]
[max_delta_step: 0]
[lambda_l1: 0]
[lambda_l2: 0]
[linear_lambda: 0]
[min_gain_to_split: 0]
[drop_rate: 0.1]
[max_drop: 50]
[skip_drop: 0.5]
[xgboost_dart_mode: 0]
[uniform_drop: 0]
[drop_seed: 4]
[top_rate: 0.2]
[other_rate: 0.1]
[min_data_per_group: 100]
[max_cat_threshold: 32]
[cat_l2: 10]
[cat_smooth: 10]
[max_cat_to_onehot: 4]
[top_k: 20]
[monotone_constraints: ]
[monotone_constraints_method: basic]
[monotone_penalty: 0]
[feature_contri: ]
[forcedsplits_filename: ]
[refit_decay_rate: 0.9]
[cegb_tradeoff: 1]
[cegb_penalty_split: 0]
[cegb_penalty_feature_lazy: ]
[cegb_penalty_feature_coupled: ]
[path_smooth: 0]
[interaction_constraints: ]
[verbosity: 1]
[saved_feature_importance_type: 0]
[use_quantized_grad: 0]
[num_grad_quant_bins: 4]
[quant_train_renew_leaf: 0]
[stochastic_rounding: 1]
[linear_tree: 0]
[max_bin: 255]
[max_bin_by_feature: ]
[min_data_in_bin: 3]
[bin_construct_sample_cnt: 200000]
[data_random_seed: 1]
[is_enable_sparse: 1]
[enable_bundle: 1]
[use_missing: 1]
[zero_as_missing: 0]
[feature_pre_filter: 1]
[pre_partition: 0]
[two_round: 0]
[header: 0]
[label_column: ]
[weight_column: ]
[group_column: ]
[ignore_column: ]
[categorical_feature: ]
[forcedbins_filename: ]
[precise_float_parser: 0]
[parser_config_file: ]
[objective_seed: 5]
[num_class: 1]
[is_unbalance: 0]
[scale_pos_weight: 1]
[sigmoid: 1]
[boost_from_average: 1]
[reg_sqrt: 0]
[alpha: 0.9]
[fair_c: 1]
[poisson_max_delta_step: 0.7]
[tweedie_variance_power: 1.5]
[lambdarank_truncation_level: 30]
[lambdarank_norm: 1]
[label_gain: ]
[lambdarank_position_bias_regularization: 0]
[eval_at: ]
[multi_error_top_k: 1]
[auc_mu_weights: ]
[num_machines: 1]
[local_listen_port: 12400]
[time_out: 120]
[machine_list_filename: ]
[machines: ]
[gpu_platform_id: -1]
[gpu_device_id: -1]
[gpu_device_id_list: ]
[gpu_use_dp: 0]
[num_gpu: 1]

end of parameters

pandas_categorical:null
